 Day of  Day of    Year   Slurry  Frozen  Slurry   Air    Wall   Floor    Slurry
 sim.     year             mass    mass   depth     T      T       T        T
    1       1        1  1020.00    0.00    0.13   -4.92    0.38    8.29   14.53
    2       2        1  1040.00    0.00    0.13   -4.94    0.23    8.15   13.67
    3       3        1  1060.00    0.00    0.13   -4.96    0.09    8.01   12.89
    4       4        1  1080.00    0.00    0.14   -4.98   -0.06    7.88   12.18
    5       5        1  1100.00    0.00    0.14   -4.99   -0.20    7.74   11.52
    6       6        1  1120.00    0.00    0.14   -5.00   -0.34    7.60   10.92
    7       7        1  1140.01    0.00    0.15   -5.00   -0.48    7.47   10.37
    8       8        1  1160.01    0.00    0.15   -5.00   -0.62    7.33    9.86
    9       9        1  1180.01    0.00    0.15   -5.00   -0.75    7.19    9.38
   10      10        1  1200.01    0.00    0.15   -4.99   -0.88    7.05    8.95
   11      11        1  1220.01    0.00    0.16   -4.98   -1.01    6.92    8.54
   12      12        1  1240.01    0.00    0.16   -4.96   -1.13    6.78    8.16
   13      13        1  1260.01    0.00    0.16   -4.94   -1.26    6.64    7.80
   14      14        1  1280.01    0.00    0.16   -4.92   -1.38    6.51    7.47
   15      15        1  1300.01    0.00    0.17   -4.90   -1.49    6.37    7.16
   16      16        1  1320.01    0.00    0.17   -4.87   -1.61    6.23    6.87
   17      17        1  1340.01    0.00    0.17   -4.83   -1.72    6.10    6.60
   18      18        1  1360.02    0.00    0.17   -4.80   -1.83    5.96    6.34
   19      19        1  1380.02    0.00    0.18   -4.76   -1.94    5.83    6.10
   20      20        1  1400.02    0.00    0.18   -4.71   -2.04    5.70    5.87
   21      21        1  1420.02    0.00    0.18   -4.66   -2.15    5.56    5.65
   22      22        1  1440.02    0.00    0.18   -4.61   -2.24    5.43    5.45
   23      23        1  1460.02    0.00    0.19   -4.56   -2.34    5.30    5.25
   24      24        1  1480.02    0.00    0.19   -4.50   -2.43    5.17    5.07
   25      25        1  1500.02    0.00    0.19   -4.44   -2.52    5.03    4.89
   26      26        1  1520.02    0.00    0.19   -4.37   -2.61    4.90    4.73
   27      27        1  1540.02    0.00    0.20   -4.30   -2.69    4.77    4.57
   28      28        1  1560.03    0.00    0.20   -4.23   -2.77    4.65    4.41
   29      29        1  1580.03    0.00    0.20   -4.15   -2.85    4.52    4.27
   30      30        1  1600.03    0.00    0.20   -4.07   -2.93    4.39    4.13
   31      31        1  1620.03    0.00    0.21   -3.99   -3.00    4.26    4.00
   32      32        1  1640.03    0.00    0.21   -3.90   -3.07    4.14    3.87
   33      33        1  1660.03    0.00    0.21   -3.81   -3.13    4.02    3.75
   34      34        1  1680.03    0.00    0.21   -3.72   -3.19    3.89    3.64
   35      35        1  1700.03    0.00    0.22   -3.63   -3.25    3.77    3.52
   36      36        1  1720.03    0.00    0.22   -3.53   -3.31    3.65    3.42
   37      37        1  1740.03    0.00    0.22   -3.42   -3.36    3.53    3.32
   38      38        1  1760.04    0.00    0.22   -3.32   -3.41    3.41    3.22
   39      39        1  1780.04    0.00    0.23   -3.21   -3.46    3.29    3.12
   40      40        1  1800.04    0.00    0.23   -3.09   -3.50    3.18    3.03
   41      41        1  1820.04    0.00    0.23   -2.98   -3.54    3.06    2.95
   42      42        1  1840.04    0.00    0.23   -2.86   -3.58    2.95    2.86
   43      43        1  1860.04    0.00    0.24   -2.74   -3.61    2.84    2.78
   44      44        1  1880.04    0.00    0.24   -2.61   -3.64    2.73    2.71
   45      45        1  1900.04    0.00    0.24   -2.48   -3.67    2.62    2.63
   46      46        1  1920.04    0.00    0.24   -2.35   -3.69    2.51    2.56
   47      47        1  1940.04    0.00    0.25   -2.22   -3.71    2.40    2.50
   48      48        1  1960.05    0.00    0.25   -2.08   -3.73    2.30    2.43
   49      49        1  1980.05    0.00    0.25   -1.94   -3.74    2.19    2.37
   50      50        1  2000.05    0.00    0.25   -1.80   -3.75    2.09    2.31
   51      51        1  2020.05    0.00    0.26   -1.66   -3.76    1.99    2.25
   52      52        1  2040.05    0.00    0.26   -1.51   -3.76    1.89    2.20
   53      53        1  2060.05    0.00    0.26   -1.36   -3.76    1.80    2.15
   54      54        1  2080.05    0.00    0.26   -1.20   -3.76    1.70    2.10
   55      55        1  2100.04    0.00    0.27   -1.05   -3.75    1.61    2.05
   56      56        1  2120.04    0.00    0.27   -0.89   -3.74    1.52    2.00
   57      57        1  2140.04    0.00    0.27   -0.73   -3.73    1.43    1.96
   58      58        1  2160.04    0.00    0.28   -0.57   -3.71    1.34    1.92
   59      59        1  2180.04    0.00    0.28   -0.40   -3.69    1.25    1.88
   60      60        1  2200.03    0.00    0.28   -0.23   -3.67    1.17    1.85
   61      61        1  2220.03    0.00    0.28   -0.06   -3.64    1.08    1.81
   62      62        1  2240.03    0.00    0.29    0.11   -3.61    1.00    1.78
   63      63        1  2260.03    0.00    0.29    0.28   -3.58    0.93    1.75
   64      64        1  2280.03    0.00    0.29    0.46   -3.54    0.85    1.72
   65      65        1  2300.02    0.00    0.29    0.64   -3.50    0.77    1.69
   66      66        1  2320.02    0.00    0.30    0.82   -3.46    0.70    1.67
   67      67        1  2340.02    0.00    0.30    1.00   -3.41    0.63    1.65
   68      68        1  2360.02    0.00    0.30    1.19   -3.36    0.56    1.63
   69      69        1  2380.02    0.00    0.30    1.37   -3.31    0.49    1.61
   70      70        1  2400.02    0.00    0.31    1.56   -3.25    0.43    1.59
   71      71        1  2420.01    0.00    0.31    1.75   -3.19    0.37    1.58
   72      72        1  2440.01    0.00    0.31    1.95   -3.13    0.31    1.56
   73      73        1  2460.01    0.00    0.31    2.14   -3.07    0.25    1.55
   74      74        1  2480.01    0.00    0.32    2.33   -3.00    0.19    1.54
   75      75        1  2500.01    0.00    0.32    2.53   -2.93    0.14    1.53
   76      76        1  2520.00    0.00    0.32    2.73   -2.85    0.09    1.53
   77      77        1  2540.00    0.00    0.32    2.93   -2.77    0.04    1.52
   78      78        1  2560.00    0.00    0.33    3.13   -2.69   -0.01    1.52
   79      79        1  2580.00    0.00    0.33    3.33   -2.61   -0.06    1.52
   80      80        1  2600.00    0.00    0.33    3.54   -2.52   -0.10    1.52
   81      81        1  2619.99    0.00    0.33    3.74   -2.43   -0.14    1.52
   82      82        1  2639.99    0.00    0.34    3.95   -2.34   -0.18    1.52
   83      83        1  2659.99    0.00    0.34    4.15   -2.24   -0.22    1.53
   84      84        1  2679.99    0.00    0.34    4.36   -2.15   -0.25    1.53
   85      85        1  2699.99    0.00    0.34    4.57   -2.04   -0.28    1.54
   86      86        1  2719.98    0.00    0.35    4.78   -1.94   -0.31    1.55
   87      87        1  2739.98    0.00    0.35    4.99   -1.83   -0.34    1.56
   88      88        1  2759.98    0.00    0.35    5.20   -1.72   -0.36    1.57
   89      89        1  2779.98    0.00    0.35    5.41   -1.61   -0.38    1.59
   90      90        1  2799.98    0.00    0.36    5.62   -1.49   -0.40    1.60
   91      91        1  2819.97    0.00    0.36    5.84   -1.38   -0.42    1.62
   92      92        1  2839.97    0.00    0.36    6.05   -1.26   -0.44    1.64
   93      93        1  2859.97    0.00    0.36    6.26   -1.13   -0.45    1.66
   94      94        1  2879.97    0.00    0.37    6.48   -1.01   -0.46    1.68
   95      95        1  2899.97    0.00    0.37    6.69   -0.88   -0.47    1.71
   96      96        1  2919.96    0.00    0.37    6.91   -0.75   -0.47    1.73
   97      97        1  2939.96    0.00    0.37    7.12   -0.62   -0.48    1.76
   98      98        1  2959.96    0.00    0.38    7.34   -0.48   -0.48    1.78
   99      99        1  2979.96    0.00    0.38    7.55   -0.34   -0.48    1.81
  100     100        1  1020.00    0.00    0.13    7.77   -0.20   -0.47    1.87
  101     101        1  1040.00    0.00    0.13    7.98   -0.06   -0.47    1.96
  102     102        1  1060.00    0.00    0.13    8.20    0.09   -0.46    2.05
  103     103        1  1080.00    0.00    0.14    8.41    0.23   -0.45    2.14
  104     104        1  1100.00    0.00    0.14    8.63    0.38   -0.44    2.22
  105     105        1  1120.00    0.00    0.14    8.84    0.53   -0.42    2.30
  106     106        1  1140.01    0.00    0.15    9.06    0.69   -0.40    2.39
  107     107        1  1160.01    0.00    0.15    9.27    0.84   -0.38    2.47
  108     108        1  1180.01    0.00    0.15    9.48    1.00   -0.36    2.55
  109     109        1  1200.01    0.00    0.15    9.69    1.16   -0.34    2.63
  110     110        1  1220.01    0.00    0.16    9.91    1.32   -0.31    2.71
  111     111        1  1240.01    0.00    0.16   10.12    1.48   -0.28    2.79
  112     112        1  1260.01    0.00    0.16   10.33    1.65   -0.25    2.88
  113     113        1  1280.01    0.00    0.16   10.54    1.81   -0.22    2.96
  114     114        1  1300.01    0.00    0.17   10.74    1.98   -0.18    3.04
  115     115        1  1320.01    0.00    0.17   10.95    2.15   -0.14    3.12
  116     116        1  1340.01    0.00    0.17   11.16    2.32   -0.10    3.20
  117     117        1  1360.02    0.00    0.17   11.36    2.50   -0.06    3.29
  118     118        1  1380.02    0.00    0.18   11.57    2.67   -0.01    3.37
  119     119        1  1400.02    0.00    0.18   11.77    2.85    0.04    3.45
  120     120        1  1420.02    0.00    0.18   11.97    3.02    0.09    3.54
  121     121        1  1440.02    0.00    0.18   12.17    3.20    0.14    3.62
  122     122        1  1460.02    0.00    0.19   12.37    3.38    0.19    3.70
  123     123        1  1480.02    0.00    0.19   12.57    3.56    0.25    3.79
  124     124        1  1500.02    0.00    0.19   12.76    3.74    0.31    3.87
  125     125        1  1520.02    0.00    0.19   12.96    3.93    0.37    3.96
  126     126        1  1540.02    0.00    0.20   13.15    4.11    0.43    4.05
  127     127        1  1560.03    0.00    0.20   13.34    4.30    0.49    4.13
  128     128        1  1580.03    0.00    0.20   13.53    4.48    0.56    4.22
  129     129        1  1600.03    0.00    0.20   13.72    4.67    0.63    4.31
  130     130        1  1620.03    0.00    0.21   13.90    4.86    0.70    4.40
  131     131        1  1640.03    0.00    0.21   14.09    5.05    0.77    4.49
  132     132        1  1660.03    0.00    0.21   14.27    5.24    0.85    4.58
  133     133        1  1680.03    0.00    0.21   14.45    5.43    0.93    4.67
  134     134        1  1700.03    0.00    0.22   14.63    5.62    1.00    4.76
  135     135        1  1720.03    0.00    0.22   14.80    5.81    1.08    4.85
  136     136        1  1740.03    0.00    0.22   14.98    6.00    1.17    4.94
  137     137        1  1760.04    0.00    0.22   15.15    6.19    1.25    5.03
  138     138        1  1780.04    0.00    0.23   15.32    6.39    1.34    5.12
  139     139        1  1800.04    0.00    0.23   15.48    6.58    1.43    5.21
  140     140        1  1820.04    0.00    0.23   15.65    6.77    1.52    5.31
  141     141        1  1840.04    0.00    0.23   15.81    6.97    1.61    5.40
  142     142        1  1860.04    0.00    0.24   15.97    7.16    1.70    5.49
  143     143        1  1880.04    0.00    0.24   16.13    7.35    1.80    5.59
  144     144        1  1900.04    0.00    0.24   16.28    7.55    1.89    5.68
  145     145        1  1920.04    0.00    0.24   16.43    7.74    1.99    5.78
  146     146        1  1940.04    0.00    0.25   16.58    7.94    2.09    5.87
  147     147        1  1960.05    0.00    0.25   16.73    8.13    2.19    5.97
  148     148        1  1980.05    0.00    0.25   16.87    8.32    2.30    6.06
  149     149        1  2000.05    0.00    0.25   17.01    8.52    2.40    6.16
  150     150        1  2020.05    0.00    0.26   17.15    8.71    2.51    6.25
  151     151        1  2040.05    0.00    0.26   17.29    8.90    2.62    6.35
  152     152        1  2060.05    0.00    0.26   17.42    9.09    2.73    6.45
  153     153        1  2080.05    0.00    0.26   17.55    9.29    2.84    6.54
  154     154        1  2100.04    0.00    0.27   17.68    9.48    2.95    6.64
  155     155        1  2120.04    0.00    0.27   17.80    9.67    3.06    6.74
  156     156        1  2140.04    0.00    0.27   17.92    9.86    3.18    6.83
  157     157        1  2160.04    0.00    0.28   18.04   10.05    3.29    6.93
  158     158        1  2180.04    0.00    0.28   18.15   10.23    3.41    7.03
  159     159        1  2200.03    0.00    0.28   18.26   10.42    3.53    7.13
  160     160        1  2220.03    0.00    0.28   18.37   10.61    3.65    7.22
  161     161        1  2240.03    0.00    0.29   18.47   10.79    3.77    7.32
  162     162        1  2260.03    0.00    0.29   18.58   10.98    3.89    7.42
  163     163        1  2280.03    0.00    0.29   18.67   11.16    4.02    7.51
  164     164        1  2300.02    0.00    0.29   18.77   11.35    4.14    7.61
  165     165        1  2320.02    0.00    0.30   18.86   11.53    4.26    7.71
  166     166        1  2340.02    0.00    0.30   18.95   11.71    4.39    7.81
  167     167        1  2360.02    0.00    0.30   19.03   11.89    4.52    7.90
  168     168        1  2380.02    0.00    0.30   19.11   12.07    4.65    8.00
  169     169        1  2400.02    0.00    0.31   19.19   12.24    4.77    8.10
  170     170        1  2420.01    0.00    0.31   19.27   12.42    4.90    8.19
  171     171        1  2440.01    0.00    0.31   19.34   12.59    5.03    8.29
  172     172        1  2460.01    0.00    0.31   19.40   12.76    5.17    8.39
  173     173        1  2480.01    0.00    0.32   19.47   12.93    5.30    8.48
  174     174        1  2500.01    0.00    0.32   19.53   13.10    5.43    8.58
  175     175        1  2520.00    0.00    0.32   19.59   13.27    5.56    8.67
  176     176        1  2540.00    0.00    0.32   19.64   13.44    5.70    8.77
  177     177        1  2560.00    0.00    0.33   19.69   13.60    5.83    8.86
  178     178        1  2580.00    0.00    0.33   19.73   13.76    5.96    8.96
  179     179        1  2600.00    0.00    0.33   19.78   13.92    6.10    9.05
  180     180        1  2619.99    0.00    0.33   19.82   14.08    6.23    9.15
  181     181        1  2639.99    0.00    0.34   19.85   14.24    6.37    9.24
  182     182        1  2659.99    0.00    0.34   19.88   14.39    6.51    9.33
  183     183        1  2679.99    0.00    0.34   19.91   14.54    6.64    9.43
  184     184        1  2699.99    0.00    0.34   19.93   14.69    6.78    9.52
  185     185        1  2719.98    0.00    0.35   19.95   14.84    6.92    9.61
  186     186        1  2739.98    0.00    0.35   19.97   14.99    7.05    9.70
  187     187        1  2759.98    0.00    0.35   19.98   15.13    7.19    9.79
  188     188        1  2779.98    0.00    0.35   19.99   15.27    7.33    9.88
  189     189        1  2799.98    0.00    0.36   20.00   15.41    7.47    9.97
  190     190        1  2819.97    0.00    0.36   20.00   15.55    7.60   10.06
  191     191        1  2839.97    0.00    0.36   20.00   15.68    7.74   10.15
  192     192        1  2859.97    0.00    0.36   19.99   15.81    7.88   10.24
  193     193        1  2879.97    0.00    0.37   19.98   15.94    8.01   10.33
  194     194        1  2899.97    0.00    0.37   19.97   16.07    8.15   10.42
  195     195        1  2919.96    0.00    0.37   19.95   16.20    8.29   10.50
  196     196        1  2939.96    0.00    0.37   19.93   16.32    8.43   10.59
  197     197        1  2959.96    0.00    0.38   19.91   16.44    8.56   10.67
  198     198        1  2979.96    0.00    0.38   19.88   16.55    8.70   10.76
  199     199        1  2999.96    0.00    0.38   19.85   16.67    8.83   10.84
  200     200        1  3019.95    0.00    0.38   19.82   16.78    8.97   10.92
  201     201        1  3039.95    0.00    0.39   19.78   16.89    9.10   11.01
  202     202        1  3059.95    0.00    0.39   19.73   16.99    9.24   11.09
  203     203        1  3079.95    0.00    0.39   19.69   17.09    9.37   11.17
  204     204        1  3099.95    0.00    0.39   19.64   17.20    9.50   11.25
  205     205        1  3119.94    0.00    0.40   19.59   17.29    9.64   11.33
  206     206        1  3139.94    0.00    0.40   19.53   17.39    9.77   11.41
  207     207        1  3159.94    0.00    0.40   19.47   17.48    9.90   11.48
  208     208        1  3179.94    0.00    0.40   19.40   17.57   10.03   11.56
  209     209        1  3199.94    0.00    0.41   19.34   17.65   10.16   11.63
  210     210        1  3219.94    0.00    0.41   19.27   17.73   10.29   11.71
  211     211        1  3239.93    0.00    0.41   19.19   17.81   10.42   11.78
  212     212        1  3259.93    0.00    0.42   19.11   17.89   10.55   11.86
  213     213        1  3279.93    0.00    0.42   19.03   17.96   10.67   11.93
  214     214        1  3299.93    0.00    0.42   18.95   18.03   10.80   12.00
  215     215        1  3319.93    0.00    0.42   18.86   18.10   10.92   12.07
  216     216        1  3339.92    0.00    0.43   18.77   18.16   11.05   12.14
  217     217        1  3359.92    0.00    0.43   18.67   18.22   11.17   12.21
  218     218        1  3379.92    0.00    0.43   18.58   18.28   11.29   12.27
  219     219        1  3399.92    0.00    0.43   18.47   18.34   11.41   12.34
  220     220        1  3419.92    0.00    0.44   18.37   18.39   11.53   12.40
  221     221        1  3439.91    0.00    0.44   18.26   18.44   11.65   12.47
  222     222        1  3459.91    0.00    0.44   18.15   18.48   11.76   12.53
  223     223        1  3479.91    0.00    0.44   18.04   18.52   11.88   12.59
  224     224        1  3499.91    0.00    0.45   17.92   18.56   11.99   12.65
  225     225        1  3519.91    0.00    0.45   17.80   18.59   12.11   12.71
  226     226        1  3539.90    0.00    0.45   17.68   18.63   12.22   12.77
  227     227        1  3559.90    0.00    0.45   17.55   18.65   12.33   12.83
  228     228        1  3579.90    0.00    0.46   17.42   18.68   12.44   12.89
  229     229        1  3599.90    0.00    0.46   17.29   18.70   12.54   12.94
  230     230        1  3619.90    0.00    0.46   17.15   18.72   12.65   13.00
  231     231        1  3639.89    0.00    0.46   17.01   18.73   12.75   13.05
  232     232        1  3659.89    0.00    0.47   16.87   18.75   12.86   13.10
  233     233        1  3679.89    0.00    0.47   16.73   18.75   12.96   13.15
  234     234        1  3699.89    0.00    0.47   16.58   18.76   13.06   13.20
  235     235        1  3719.89    0.00    0.47   16.43   18.76   13.15   13.25
  236     236        1  3739.88    0.00    0.48   16.28   18.76   13.25   13.30
  237     237        1  3759.88    0.00    0.48   16.13   18.75   13.35   13.34
  238     238        1  3779.88    0.00    0.48   15.97   18.75   13.44   13.39
  239     239        1  3799.88    0.00    0.48   15.81   18.73   13.53   13.43
  240     240        1  3819.88    0.00    0.49   15.65   18.72   13.62   13.47
  241     241        1  3839.87    0.00    0.49   15.48   18.70   13.70   13.51
  242     242        1  3859.87    0.00    0.49   15.32   18.68   13.79   13.55
  243     243        1  3879.87    0.00    0.49   15.15   18.65   13.87   13.59
  244     244        1  3899.87    0.00    0.50   14.98   18.63   13.96   13.63
  245     245        1  3919.87    0.00    0.50   14.80   18.59   14.04   13.66
  246     246        1  3939.86    0.00    0.50   14.63   18.56   14.11   13.70
  247     247        1  3959.86    0.00    0.50   14.45   18.52   14.19   13.73
  248     248        1  3979.86    0.00    0.51   14.27   18.48   14.26   13.76
  249     249        1  3999.86    0.00    0.51   14.09   18.44   14.33   13.79
  250     250        1  4019.86    0.00    0.51   13.90   18.39   14.40   13.82
  251     251        1  4039.85    0.00    0.51   13.72   18.34   14.47   13.85
  252     252        1  4059.85    0.00    0.52   13.53   18.28   14.54   13.88
  253     253        1  4079.85    0.00    0.52   13.34   18.22   14.60   13.90
  254     254        1  4099.85    0.00    0.52   13.15   18.16   14.66   13.93
  255     255        1  4119.85    0.00    0.52   12.96   18.10   14.72   13.95
  256     256        1  4139.86    0.00    0.53   12.76   18.03   14.78   13.97
  257     257        1  4159.86    0.00    0.53   12.57   17.96   14.84   13.99
  258     258        1  4179.87    0.00    0.53   12.37   17.89   14.89   14.01
  259     259        1  4199.87    0.00    0.53   12.17   17.81   14.94   14.03
  260     260        1  4219.87    0.00    0.54   11.97   17.73   14.99   14.05
  261     261        1  4239.88    0.00    0.54   11.77   17.65   15.03   14.06
  262     262        1  4259.88    0.00    0.54   11.57   17.57   15.08   14.07
  263     263        1  4279.89    0.00    0.54   11.36   17.48   15.12   14.09
  264     264        1  4299.89    0.00    0.55   11.16   17.39   15.16   14.10
  265     265        1  4319.89    0.00    0.55   10.95   17.29   15.20   14.11
  266     266        1  4339.90    0.00    0.55   10.74   17.20   15.23   14.12
  267     267        1  4359.90    0.00    0.56   10.54   17.09   15.27   14.12
  268     268        1  4379.90    0.00    0.56   10.33   16.99   15.30   14.13
  269     269        1  4399.91    0.00    0.56   10.12   16.89   15.32   14.13
  270     270        1  4419.91    0.00    0.56    9.91   16.78   15.35   14.14
  271     271        1  4439.92    0.00    0.57    9.69   16.67   15.37   14.14
  272     272        1  4459.92    0.00    0.57    9.48   16.55   15.39   14.14
  273     273        1  4479.92    0.00    0.57    9.27   16.44   15.41   14.14
  274     274        1  4499.93    0.00    0.57    9.06   16.32   15.43   14.13
  275     275        1  4519.93    0.00    0.58    8.84   16.20   15.44   14.13
  276     276        1  4539.94    0.00    0.58    8.63   16.07   15.46   14.13
  277     277        1  4559.94    0.00    0.58    8.41   15.94   15.47   14.12
  278     278        1  4579.94    0.00    0.58    8.20   15.81   15.47   14.11
  279     279        1  4599.95    0.00    0.59    7.98   15.68   15.48   14.10
  280     280        1  4619.95    0.00    0.59    7.77   15.55   15.48   14.09
  281     281        1  4639.96    0.00    0.59    7.55   15.41   15.48   14.08
  282     282        1  4659.96    0.00    0.59    7.34   15.27   15.48   14.07
  283     283        1  4679.96    0.00    0.60    7.12   15.13   15.47   14.06
  284     284        1  4699.97    0.00    0.60    6.91   14.99   15.47   14.04
  285     285        1  4719.97    0.00    0.60    6.69   14.84   15.46   14.02
  286     286        1  4739.98    0.00    0.60    6.48   14.69   15.44   14.01
  287     287        1  4759.98    0.00    0.61    6.26   14.54   15.43   13.99
  288     288        1  4779.98    0.00    0.61    6.05   14.39   15.41   13.97
  289     289        1  4799.99    0.00    0.61    5.84   14.24   15.39   13.94
  290     290        1  4819.99    0.00    0.61    5.62   14.08   15.37   13.92
  291     291        1  4839.99    0.00    0.62    5.41   13.92   15.35   13.90
  292     292        1  4860.00    0.00    0.62    5.20   13.76   15.32   13.87
  293     293        1  4880.00    0.00    0.62    4.99   13.60   15.30   13.85
  294     294        1  4900.01    0.00    0.62    4.78   13.44   15.27   13.82
  295     295        1  4920.01    0.00    0.63    4.57   13.27   15.23   13.79
  296     296        1  4940.01    0.00    0.63    4.36   13.10   15.20   13.76
  297     297        1  4960.02    0.00    0.63    4.15   12.93   15.16   13.73
  298     298        1  4980.02    0.00    0.63    3.95   12.76   15.12   13.70
  299     299        1  5000.03    0.00    0.64    3.74   12.59   15.08   13.66
  300     300        1  5020.03    0.00    0.64    3.54   12.42   15.03   13.63
  301     301        1  5040.03    0.00    0.64    3.33   12.24   14.99   13.59
  302     302        1  5060.04    0.00    0.64    3.13   12.07   14.94   13.56
  303     303        1  5080.04    0.00    0.65    2.93   11.89   14.89   13.52
  304     304        1  5100.05    0.00    0.65    2.73   11.71   14.84   13.48
  305     305        1  5120.05    0.00    0.65    2.53   11.53   14.78   13.44
  306     306        1  5140.05    0.00    0.65    2.33   11.35   14.72   13.40
  307     307        1  5160.06    0.00    0.66    2.14   11.16   14.66   13.36
  308     308        1  5180.06    0.00    0.66    1.95   10.98   14.60   13.31
  309     309        1  5200.06    0.00    0.66    1.75   10.79   14.54   13.27
  310     310        1  5220.07    0.00    0.66    1.56   10.61   14.47   13.22
  311     311        1  5240.07    0.00    0.67    1.37   10.42   14.40   13.18
  312     312        1  5260.08    0.00    0.67    1.19   10.23   14.33   13.13
  313     313        1  5280.08    0.00    0.67    1.00   10.05   14.26   13.08
  314     314        1  5300.08    0.00    0.67    0.82    9.86   14.19   13.03
  315     315        1  5320.09    0.00    0.68    0.64    9.67   14.11   12.98
  316     316        1  5340.09    0.00    0.68    0.46    9.48   14.04   12.93
  317     317        1  5360.10    0.00    0.68    0.28    9.29   13.96   12.88
  318     318        1  5380.10    0.00    0.69    0.11    9.09   13.87   12.83
  319     319        1  5400.10    0.00    0.69   -0.06    8.90   13.79   12.77
  320     320        1  5420.11    0.00    0.69   -0.23    8.71   13.70   12.72
  321     321        1  5440.11    0.00    0.69   -0.40    8.52   13.62   12.66
  322     322        1  5460.12    0.00    0.70   -0.57    8.32   13.53   12.60
  323     323        1  5480.12    0.00    0.70   -0.73    8.13   13.44   12.55
  324     324        1  5500.12    0.00    0.70   -0.89    7.94   13.35   12.49
  325     325        1  5520.13    0.00    0.70   -1.05    7.74   13.25   12.43
  326     326        1  5540.13    0.00    0.71   -1.20    7.55   13.15   12.37
  327     327        1  5560.14    0.00    0.71   -1.36    7.35   13.06   12.31
  328     328        1  5580.14    0.00    0.71   -1.51    7.16   12.96   12.25
  329     329        1  5600.14    0.00    0.71   -1.66    6.97   12.86   12.18
  330     330        1  5620.15    0.00    0.72   -1.80    6.77   12.75   12.12
  331     331        1  5640.15    0.00    0.72   -1.94    6.58   12.65   12.06
  332     332        1  5660.15    0.00    0.72   -2.08    6.39   12.54   11.99
  333     333        1  5680.16    0.00    0.72   -2.22    6.19   12.44   11.93
  334     334        1  5700.16    0.00    0.73   -2.35    6.00   12.33   11.86
  335     335        1  5720.17    0.00    0.73   -2.48    5.81   12.22   11.80
  336     336        1  5740.17    0.00    0.73   -2.61    5.62   12.11   11.73
  337     337        1  5760.17    0.00    0.73   -2.74    5.43   11.99   11.66
  338     338        1  5780.18    0.00    0.74   -2.86    5.24   11.88   11.59
  339     339        1  5800.18    0.00    0.74   -2.98    5.05   11.76   11.52
  340     340        1  5820.19    0.00    0.74   -3.09    4.86   11.65   11.46
  341     341        1  5840.19    0.00    0.74   -3.21    4.67   11.53   11.39
  342     342        1  5860.19    0.00    0.75   -3.32    4.48   11.41   11.31
  343     343        1  5880.20    0.00    0.75   -3.42    4.30   11.29   11.24
  344     344        1  5900.20    0.00    0.75   -3.53    4.11   11.17   11.17
  345     345        1  5920.21    0.00    0.75   -3.63    3.93   11.05   11.10
  346     346        1  5940.21    0.00    0.76   -3.72    3.74   10.92   11.03
  347     347        1  5960.21    0.00    0.76   -3.81    3.56   10.80   10.96
  348     348        1  5980.22    0.00    0.76   -3.90    3.38   10.67   10.88
  349     349        1  6000.22    0.00    0.76   -3.99    3.20   10.55   10.81
  350     350        1  6020.23    0.00    0.77   -4.07    3.02   10.42   10.73
  351     351        1  6040.23    0.00    0.77   -4.15    2.85   10.29   10.66
  352     352        1  6060.23    0.00    0.77   -4.23    2.67   10.16   10.58
  353     353        1  6080.24    0.00    0.77   -4.30    2.50   10.03   10.51
  354     354        1  6100.24    0.00    0.78   -4.37    2.32    9.90   10.43
  355     355        1  6120.24    0.00    0.78   -4.44    2.15    9.77   10.36
  356     356        1  6140.25    0.00    0.78   -4.50    1.98    9.64   10.28
  357     357        1  6160.25    0.00    0.78   -4.56    1.81    9.50   10.21
  358     358        1  6180.26    0.00    0.79   -4.61    1.65    9.37   10.13
  359     359        1  6200.26    0.00    0.79   -4.66    1.48    9.24   10.05
  360     360        1  6220.26    0.00    0.79   -4.71    1.32    9.10    9.98
  361     361        1  6240.27    0.00    0.79   -4.76    1.16    8.97    9.90
  362     362        1  6260.27    0.00    0.80   -4.80    1.00    8.83    9.82
  363     363        1  6280.28    0.00    0.80   -4.83    0.84    8.70    9.74
  364     364        1  6300.28    0.00    0.80   -4.87    0.69    8.56    9.67
  365     365        1  6320.28    0.00    0.80   -4.90    0.53    8.43    9.59
  366       1        2  1020.00    0.00    0.13   -4.92    0.38    8.29    9.31
  367       2        2  1040.00    0.00    0.13   -4.94    0.23    8.15    8.87
  368       3        2  1060.00    0.00    0.13   -4.96    0.09    8.01    8.47
  369       4        2  1080.00    0.00    0.14   -4.98   -0.06    7.88    8.09
  370       5        2  1100.00    0.00    0.14   -4.99   -0.20    7.74    7.75
  371       6        2  1120.00    0.00    0.14   -5.00   -0.34    7.60    7.43
  372       7        2  1140.01    0.00    0.15   -5.00   -0.48    7.47    7.13
  373       8        2  1160.01    0.00    0.15   -5.00   -0.62    7.33    6.85
  374       9        2  1180.01    0.00    0.15   -5.00   -0.75    7.19    6.59
  375      10        2  1200.01    0.00    0.15   -4.99   -0.88    7.05    6.34
  376      11        2  1220.01    0.00    0.16   -4.98   -1.01    6.92    6.11
  377      12        2  1240.01    0.00    0.16   -4.96   -1.13    6.78    5.90
  378      13        2  1260.01    0.00    0.16   -4.94   -1.26    6.64    5.69
  379      14        2  1280.01    0.00    0.16   -4.92   -1.38    6.51    5.50
  380      15        2  1300.01    0.00    0.17   -4.90   -1.49    6.37    5.31
  381      16        2  1320.01    0.00    0.17   -4.87   -1.61    6.23    5.14
  382      17        2  1340.01    0.00    0.17   -4.83   -1.72    6.10    4.97
  383      18        2  1360.02    0.00    0.17   -4.80   -1.83    5.96    4.82
  384      19        2  1380.02    0.00    0.18   -4.76   -1.94    5.83    4.67
  385      20        2  1400.02    0.00    0.18   -4.71   -2.04    5.70    4.52
  386      21        2  1420.02    0.00    0.18   -4.66   -2.15    5.56    4.39
  387      22        2  1440.02    0.00    0.18   -4.61   -2.24    5.43    4.25
  388      23        2  1460.02    0.00    0.19   -4.56   -2.34    5.30    4.13
  389      24        2  1480.02    0.00    0.19   -4.50   -2.43    5.17    4.01
  390      25        2  1500.02    0.00    0.19   -4.44   -2.52    5.03    3.89
  391      26        2  1520.02    0.00    0.19   -4.37   -2.61    4.90    3.78
  392      27        2  1540.02    0.00    0.20   -4.30   -2.69    4.77    3.67
  393      28        2  1560.03    0.00    0.20   -4.23   -2.77    4.65    3.57
  394      29        2  1580.03    0.00    0.20   -4.15   -2.85    4.52    3.47
  395      30        2  1600.03    0.00    0.20   -4.07   -2.93    4.39    3.37
  396      31        2  1620.03    0.00    0.21   -3.99   -3.00    4.26    3.28
  397      32        2  1640.03    0.00    0.21   -3.90   -3.07    4.14    3.19
  398      33        2  1660.03    0.00    0.21   -3.81   -3.13    4.02    3.10
  399      34        2  1680.03    0.00    0.21   -3.72   -3.19    3.89    3.02
  400      35        2  1700.03    0.00    0.22   -3.63   -3.25    3.77    2.94
  401      36        2  1720.03    0.00    0.22   -3.53   -3.31    3.65    2.86
  402      37        2  1740.03    0.00    0.22   -3.42   -3.36    3.53    2.78
  403      38        2  1760.04    0.00    0.22   -3.32   -3.41    3.41    2.71
  404      39        2  1780.04    0.00    0.23   -3.21   -3.46    3.29    2.64
  405      40        2  1800.04    0.00    0.23   -3.09   -3.50    3.18    2.57
  406      41        2  1820.04    0.00    0.23   -2.98   -3.54    3.06    2.51
  407      42        2  1840.04    0.00    0.23   -2.86   -3.58    2.95    2.45
  408      43        2  1860.04    0.00    0.24   -2.74   -3.61    2.84    2.38
  409      44        2  1880.04    0.00    0.24   -2.61   -3.64    2.73    2.33
  410      45        2  1900.04    0.00    0.24   -2.48   -3.67    2.62    2.27
  411      46        2  1920.04    0.00    0.24   -2.35   -3.69    2.51    2.21
  412      47        2  1940.04    0.00    0.25   -2.22   -3.71    2.40    2.16
  413      48        2  1960.05    0.00    0.25   -2.08   -3.73    2.30    2.11
  414      49        2  1980.05    0.00    0.25   -1.94   -3.74    2.19    2.06
  415      50        2  2000.05    0.00    0.25   -1.80   -3.75    2.09    2.02
  416      51        2  2020.05    0.00    0.26   -1.66   -3.76    1.99    1.97
  417      52        2  2040.05    0.00    0.26   -1.51   -3.76    1.89    1.93
  418      53        2  2060.05    0.00    0.26   -1.36   -3.76    1.80    1.89
  419      54        2  2080.05    0.00    0.26   -1.20   -3.76    1.70    1.85
  420      55        2  2100.04    0.00    0.27   -1.05   -3.75    1.61    1.81
  421      56        2  2120.04    0.00    0.27   -0.89   -3.74    1.52    1.78
  422      57        2  2140.04    0.00    0.27   -0.73   -3.73    1.43    1.74
  423      58        2  2160.04    0.00    0.28   -0.57   -3.71    1.34    1.71
  424      59        2  2180.04    0.00    0.28   -0.40   -3.69    1.25    1.68
  425      60        2  2200.03    0.00    0.28   -0.23   -3.67    1.17    1.65
  426      61        2  2220.03    0.00    0.28   -0.06   -3.64    1.08    1.62
  427      62        2  2240.03    0.00    0.29    0.11   -3.61    1.00    1.60
  428      63        2  2260.03    0.00    0.29    0.28   -3.58    0.93    1.58
  429      64        2  2280.03    0.00    0.29    0.46   -3.54    0.85    1.55
  430      65        2  2300.02    0.00    0.29    0.64   -3.50    0.77    1.53
  431      66        2  2320.02    0.00    0.30    0.82   -3.46    0.70    1.51
  432      67        2  2340.02    0.00    0.30    1.00   -3.41    0.63    1.50
  433      68        2  2360.02    0.00    0.30    1.19   -3.36    0.56    1.48
  434      69        2  2380.02    0.00    0.30    1.37   -3.31    0.49    1.47
  435      70        2  2400.02    0.00    0.31    1.56   -3.25    0.43    1.46
  436      71        2  2420.01    0.00    0.31    1.75   -3.19    0.37    1.45
  437      72        2  2440.01    0.00    0.31    1.95   -3.13    0.31    1.44
  438      73        2  2460.01    0.00    0.31    2.14   -3.07    0.25    1.43
  439      74        2  2480.01    0.00    0.32    2.33   -3.00    0.19    1.42
  440      75        2  2500.01    0.00    0.32    2.53   -2.93    0.14    1.42
  441      76        2  2520.00    0.00    0.32    2.73   -2.85    0.09    1.42
  442      77        2  2540.00    0.00    0.32    2.93   -2.77    0.04    1.41
  443      78        2  2560.00    0.00    0.33    3.13   -2.69   -0.01    1.42
  444      79        2  2580.00    0.00    0.33    3.33   -2.61   -0.06    1.42
  445      80        2  2600.00    0.00    0.33    3.54   -2.52   -0.10    1.42
  446      81        2  2619.99    0.00    0.33    3.74   -2.43   -0.14    1.43
  447      82        2  2639.99    0.00    0.34    3.95   -2.34   -0.18    1.43
  448      83        2  2659.99    0.00    0.34    4.15   -2.24   -0.22    1.44
  449      84        2  2679.99    0.00    0.34    4.36   -2.15   -0.25    1.45
  450      85        2  2699.99    0.00    0.34    4.57   -2.04   -0.28    1.46
  451      86        2  2719.98    0.00    0.35    4.78   -1.94   -0.31    1.47
  452      87        2  2739.98    0.00    0.35    4.99   -1.83   -0.34    1.49
  453      88        2  2759.98    0.00    0.35    5.20   -1.72   -0.36    1.50
  454      89        2  2779.98    0.00    0.35    5.41   -1.61   -0.38    1.52
  455      90        2  2799.98    0.00    0.36    5.62   -1.49   -0.40    1.53
  456      91        2  2819.97    0.00    0.36    5.84   -1.38   -0.42    1.55
  457      92        2  2839.97    0.00    0.36    6.05   -1.26   -0.44    1.57
  458      93        2  2859.97    0.00    0.36    6.26   -1.13   -0.45    1.60
  459      94        2  2879.97    0.00    0.37    6.48   -1.01   -0.46    1.62
  460      95        2  2899.97    0.00    0.37    6.69   -0.88   -0.47    1.65
  461      96        2  2919.96    0.00    0.37    6.91   -0.75   -0.47    1.67
  462      97        2  2939.96    0.00    0.37    7.12   -0.62   -0.48    1.70
  463      98        2  2959.96    0.00    0.38    7.34   -0.48   -0.48    1.73
  464      99        2  2979.96    0.00    0.38    7.55   -0.34   -0.48    1.76
  465     100        2  1020.00    0.00    0.13    7.77   -0.20   -0.47    1.82
  466     101        2  1040.00    0.00    0.13    7.98   -0.06   -0.47    1.92
  467     102        2  1060.00    0.00    0.13    8.20    0.09   -0.46    2.01
  468     103        2  1080.00    0.00    0.14    8.41    0.23   -0.45    2.10
  469     104        2  1100.00    0.00    0.14    8.63    0.38   -0.44    2.18
  470     105        2  1120.00    0.00    0.14    8.84    0.53   -0.42    2.27
  471     106        2  1140.01    0.00    0.15    9.06    0.69   -0.40    2.36
  472     107        2  1160.01    0.00    0.15    9.27    0.84   -0.38    2.44
  473     108        2  1180.01    0.00    0.15    9.48    1.00   -0.36    2.52
  474     109        2  1200.01    0.00    0.15    9.69    1.16   -0.34    2.61
  475     110        2  1220.01    0.00    0.16    9.91    1.32   -0.31    2.69
  476     111        2  1240.01    0.00    0.16   10.12    1.48   -0.28    2.77
  477     112        2  1260.01    0.00    0.16   10.33    1.65   -0.25    2.86
  478     113        2  1280.01    0.00    0.16   10.54    1.81   -0.22    2.94
  479     114        2  1300.01    0.00    0.17   10.74    1.98   -0.18    3.02
  480     115        2  1320.01    0.00    0.17   10.95    2.15   -0.14    3.10
  481     116        2  1340.01    0.00    0.17   11.16    2.32   -0.10    3.19
  482     117        2  1360.02    0.00    0.17   11.36    2.50   -0.06    3.27
  483     118        2  1380.02    0.00    0.18   11.57    2.67   -0.01    3.35
  484     119        2  1400.02    0.00    0.18   11.77    2.85    0.04    3.44
  485     120        2  1420.02    0.00    0.18   11.97    3.02    0.09    3.52
  486     121        2  1440.02    0.00    0.18   12.17    3.20    0.14    3.61
  487     122        2  1460.02    0.00    0.19   12.37    3.38    0.19    3.69
  488     123        2  1480.02    0.00    0.19   12.57    3.56    0.25    3.78
  489     124        2  1500.02    0.00    0.19   12.76    3.74    0.31    3.86
  490     125        2  1520.02    0.00    0.19   12.96    3.93    0.37    3.95
  491     126        2  1540.02    0.00    0.20   13.15    4.11    0.43    4.04
  492     127        2  1560.03    0.00    0.20   13.34    4.30    0.49    4.13
  493     128        2  1580.03    0.00    0.20   13.53    4.48    0.56    4.21
  494     129        2  1600.03    0.00    0.20   13.72    4.67    0.63    4.30
  495     130        2  1620.03    0.00    0.21   13.90    4.86    0.70    4.39
  496     131        2  1640.03    0.00    0.21   14.09    5.05    0.77    4.48
  497     132        2  1660.03    0.00    0.21   14.27    5.24    0.85    4.57
  498     133        2  1680.03    0.00    0.21   14.45    5.43    0.93    4.66
  499     134        2  1700.03    0.00    0.22   14.63    5.62    1.00    4.75
  500     135        2  1720.03    0.00    0.22   14.80    5.81    1.08    4.84
  501     136        2  1740.03    0.00    0.22   14.98    6.00    1.17    4.93
  502     137        2  1760.04    0.00    0.22   15.15    6.19    1.25    5.02
  503     138        2  1780.04    0.00    0.23   15.32    6.39    1.34    5.12
  504     139        2  1800.04    0.00    0.23   15.48    6.58    1.43    5.21
  505     140        2  1820.04    0.00    0.23   15.65    6.77    1.52    5.30
  506     141        2  1840.04    0.00    0.23   15.81    6.97    1.61    5.40
  507     142        2  1860.04    0.00    0.24   15.97    7.16    1.70    5.49
  508     143        2  1880.04    0.00    0.24   16.13    7.35    1.80    5.58
  509     144        2  1900.04    0.00    0.24   16.28    7.55    1.89    5.68
  510     145        2  1920.04    0.00    0.24   16.43    7.74    1.99    5.77
  511     146        2  1940.04    0.00    0.25   16.58    7.94    2.09    5.87
  512     147        2  1960.05    0.00    0.25   16.73    8.13    2.19    5.96
  513     148        2  1980.05    0.00    0.25   16.87    8.32    2.30    6.06
  514     149        2  2000.05    0.00    0.25   17.01    8.52    2.40    6.16
  515     150        2  2020.05    0.00    0.26   17.15    8.71    2.51    6.25
  516     151        2  2040.05    0.00    0.26   17.29    8.90    2.62    6.35
  517     152        2  2060.05    0.00    0.26   17.42    9.09    2.73    6.44
  518     153        2  2080.05    0.00    0.26   17.55    9.29    2.84    6.54
  519     154        2  2100.04    0.00    0.27   17.68    9.48    2.95    6.64
  520     155        2  2120.04    0.00    0.27   17.80    9.67    3.06    6.73
  521     156        2  2140.04    0.00    0.27   17.92    9.86    3.18    6.83
  522     157        2  2160.04    0.00    0.28   18.04   10.05    3.29    6.93
  523     158        2  2180.04    0.00    0.28   18.15   10.23    3.41    7.03
  524     159        2  2200.03    0.00    0.28   18.26   10.42    3.53    7.12
  525     160        2  2220.03    0.00    0.28   18.37   10.61    3.65    7.22
  526     161        2  2240.03    0.00    0.29   18.47   10.79    3.77    7.32
  527     162        2  2260.03    0.00    0.29   18.58   10.98    3.89    7.42
  528     163        2  2280.03    0.00    0.29   18.67   11.16    4.02    7.51
  529     164        2  2300.02    0.00    0.29   18.77   11.35    4.14    7.61
  530     165        2  2320.02    0.00    0.30   18.86   11.53    4.26    7.71
  531     166        2  2340.02    0.00    0.30   18.95   11.71    4.39    7.80
  532     167        2  2360.02    0.00    0.30   19.03   11.89    4.52    7.90
  533     168        2  2380.02    0.00    0.30   19.11   12.07    4.65    8.00
  534     169        2  2400.02    0.00    0.31   19.19   12.24    4.77    8.10
  535     170        2  2420.01    0.00    0.31   19.27   12.42    4.90    8.19
  536     171        2  2440.01    0.00    0.31   19.34   12.59    5.03    8.29
  537     172        2  2460.01    0.00    0.31   19.40   12.76    5.17    8.39
  538     173        2  2480.01    0.00    0.32   19.47   12.93    5.30    8.48
  539     174        2  2500.01    0.00    0.32   19.53   13.10    5.43    8.58
  540     175        2  2520.00    0.00    0.32   19.59   13.27    5.56    8.67
  541     176        2  2540.00    0.00    0.32   19.64   13.44    5.70    8.77
  542     177        2  2560.00    0.00    0.33   19.69   13.60    5.83    8.86
  543     178        2  2580.00    0.00    0.33   19.73   13.76    5.96    8.96
  544     179        2  2600.00    0.00    0.33   19.78   13.92    6.10    9.05
  545     180        2  2619.99    0.00    0.33   19.82   14.08    6.23    9.15
  546     181        2  2639.99    0.00    0.34   19.85   14.24    6.37    9.24
  547     182        2  2659.99    0.00    0.34   19.88   14.39    6.51    9.33
  548     183        2  2679.99    0.00    0.34   19.91   14.54    6.64    9.43
  549     184        2  2699.99    0.00    0.34   19.93   14.69    6.78    9.52
  550     185        2  2719.98    0.00    0.35   19.95   14.84    6.92    9.61
  551     186        2  2739.98    0.00    0.35   19.97   14.99    7.05    9.70
  552     187        2  2759.98    0.00    0.35   19.98   15.13    7.19    9.79
  553     188        2  2779.98    0.00    0.35   19.99   15.27    7.33    9.88
  554     189        2  2799.98    0.00    0.36   20.00   15.41    7.47    9.97
  555     190        2  2819.97    0.00    0.36   20.00   15.55    7.60   10.06
  556     191        2  2839.97    0.00    0.36   20.00   15.68    7.74   10.15
  557     192        2  2859.97    0.00    0.36   19.99   15.81    7.88   10.24
  558     193        2  2879.97    0.00    0.37   19.98   15.94    8.01   10.33
  559     194        2  2899.97    0.00    0.37   19.97   16.07    8.15   10.41
  560     195        2  2919.96    0.00    0.37   19.95   16.20    8.29   10.50
  561     196        2  2939.96    0.00    0.37   19.93   16.32    8.43   10.59
  562     197        2  2959.96    0.00    0.38   19.91   16.44    8.56   10.67
  563     198        2  2979.96    0.00    0.38   19.88   16.55    8.70   10.76
  564     199        2  2999.96    0.00    0.38   19.85   16.67    8.83   10.84
  565     200        2  3019.95    0.00    0.38   19.82   16.78    8.97   10.92
  566     201        2  3039.95    0.00    0.39   19.78   16.89    9.10   11.01
  567     202        2  3059.95    0.00    0.39   19.73   16.99    9.24   11.09
  568     203        2  3079.95    0.00    0.39   19.69   17.09    9.37   11.17
  569     204        2  3099.95    0.00    0.39   19.64   17.20    9.50   11.25
  570     205        2  3119.94    0.00    0.40   19.59   17.29    9.64   11.33
  571     206        2  3139.94    0.00    0.40   19.53   17.39    9.77   11.40
  572     207        2  3159.94    0.00    0.40   19.47   17.48    9.90   11.48
  573     208        2  3179.94    0.00    0.40   19.40   17.57   10.03   11.56
  574     209        2  3199.94    0.00    0.41   19.34   17.65   10.16   11.63
  575     210        2  3219.94    0.00    0.41   19.27   17.73   10.29   11.71
  576     211        2  3239.93    0.00    0.41   19.19   17.81   10.42   11.78
  577     212        2  3259.93    0.00    0.42   19.11   17.89   10.55   11.86
  578     213        2  3279.93    0.00    0.42   19.03   17.96   10.67   11.93
  579     214        2  3299.93    0.00    0.42   18.95   18.03   10.80   12.00
  580     215        2  3319.93    0.00    0.42   18.86   18.10   10.92   12.07
  581     216        2  3339.92    0.00    0.43   18.77   18.16   11.05   12.14
  582     217        2  3359.92    0.00    0.43   18.67   18.22   11.17   12.21
  583     218        2  3379.92    0.00    0.43   18.58   18.28   11.29   12.27
  584     219        2  3399.92    0.00    0.43   18.47   18.34   11.41   12.34
  585     220        2  3419.92    0.00    0.44   18.37   18.39   11.53   12.40
  586     221        2  3439.91    0.00    0.44   18.26   18.44   11.65   12.47
  587     222        2  3459.91    0.00    0.44   18.15   18.48   11.76   12.53
  588     223        2  3479.91    0.00    0.44   18.04   18.52   11.88   12.59
  589     224        2  3499.91    0.00    0.45   17.92   18.56   11.99   12.65
  590     225        2  3519.91    0.00    0.45   17.80   18.59   12.11   12.71
  591     226        2  3539.90    0.00    0.45   17.68   18.63   12.22   12.77
  592     227        2  3559.90    0.00    0.45   17.55   18.65   12.33   12.83
  593     228        2  3579.90    0.00    0.46   17.42   18.68   12.44   12.89
  594     229        2  3599.90    0.00    0.46   17.29   18.70   12.54   12.94
  595     230        2  3619.90    0.00    0.46   17.15   18.72   12.65   13.00
  596     231        2  3639.89    0.00    0.46   17.01   18.73   12.75   13.05
  597     232        2  3659.89    0.00    0.47   16.87   18.75   12.86   13.10
  598     233        2  3679.89    0.00    0.47   16.73   18.75   12.96   13.15
  599     234        2  3699.89    0.00    0.47   16.58   18.76   13.06   13.20
  600     235        2  3719.89    0.00    0.47   16.43   18.76   13.15   13.25
  601     236        2  3739.88    0.00    0.48   16.28   18.76   13.25   13.30
  602     237        2  3759.88    0.00    0.48   16.13   18.75   13.35   13.34
  603     238        2  3779.88    0.00    0.48   15.97   18.75   13.44   13.39
  604     239        2  3799.88    0.00    0.48   15.81   18.73   13.53   13.43
  605     240        2  3819.88    0.00    0.49   15.65   18.72   13.62   13.47
  606     241        2  3839.87    0.00    0.49   15.48   18.70   13.70   13.51
  607     242        2  3859.87    0.00    0.49   15.32   18.68   13.79   13.55
  608     243        2  3879.87    0.00    0.49   15.15   18.65   13.87   13.59
  609     244        2  3899.87    0.00    0.50   14.98   18.63   13.96   13.63
  610     245        2  3919.87    0.00    0.50   14.80   18.59   14.04   13.66
  611     246        2  3939.86    0.00    0.50   14.63   18.56   14.11   13.70
  612     247        2  3959.86    0.00    0.50   14.45   18.52   14.19   13.73
  613     248        2  3979.86    0.00    0.51   14.27   18.48   14.26   13.76
  614     249        2  3999.86    0.00    0.51   14.09   18.44   14.33   13.79
  615     250        2  4019.86    0.00    0.51   13.90   18.39   14.40   13.82
  616     251        2  4039.85    0.00    0.51   13.72   18.34   14.47   13.85
  617     252        2  4059.85    0.00    0.52   13.53   18.28   14.54   13.88
  618     253        2  4079.85    0.00    0.52   13.34   18.22   14.60   13.90
  619     254        2  4099.85    0.00    0.52   13.15   18.16   14.66   13.93
  620     255        2  4119.85    0.00    0.52   12.96   18.10   14.72   13.95
  621     256        2  4139.86    0.00    0.53   12.76   18.03   14.78   13.97
  622     257        2  4159.86    0.00    0.53   12.57   17.96   14.84   13.99
  623     258        2  4179.87    0.00    0.53   12.37   17.89   14.89   14.01
  624     259        2  4199.87    0.00    0.53   12.17   17.81   14.94   14.03
  625     260        2  4219.87    0.00    0.54   11.97   17.73   14.99   14.05
  626     261        2  4239.88    0.00    0.54   11.77   17.65   15.03   14.06
  627     262        2  4259.88    0.00    0.54   11.57   17.57   15.08   14.07
  628     263        2  4279.89    0.00    0.54   11.36   17.48   15.12   14.09
  629     264        2  4299.89    0.00    0.55   11.16   17.39   15.16   14.10
  630     265        2  4319.89    0.00    0.55   10.95   17.29   15.20   14.11
  631     266        2  4339.90    0.00    0.55   10.74   17.20   15.23   14.12
  632     267        2  4359.90    0.00    0.56   10.54   17.09   15.27   14.12
  633     268        2  4379.90    0.00    0.56   10.33   16.99   15.30   14.13
  634     269        2  4399.91    0.00    0.56   10.12   16.89   15.32   14.13
  635     270        2  4419.91    0.00    0.56    9.91   16.78   15.35   14.14
  636     271        2  4439.92    0.00    0.57    9.69   16.67   15.37   14.14
  637     272        2  4459.92    0.00    0.57    9.48   16.55   15.39   14.14
  638     273        2  4479.92    0.00    0.57    9.27   16.44   15.41   14.14
  639     274        2  4499.93    0.00    0.57    9.06   16.32   15.43   14.13
  640     275        2  4519.93    0.00    0.58    8.84   16.20   15.44   14.13
  641     276        2  4539.94    0.00    0.58    8.63   16.07   15.46   14.13
  642     277        2  4559.94    0.00    0.58    8.41   15.94   15.47   14.12
  643     278        2  4579.94    0.00    0.58    8.20   15.81   15.47   14.11
  644     279        2  4599.95    0.00    0.59    7.98   15.68   15.48   14.10
  645     280        2  4619.95    0.00    0.59    7.77   15.55   15.48   14.09
  646     281        2  4639.96    0.00    0.59    7.55   15.41   15.48   14.08
  647     282        2  4659.96    0.00    0.59    7.34   15.27   15.48   14.07
  648     283        2  4679.96    0.00    0.60    7.12   15.13   15.47   14.06
  649     284        2  4699.97    0.00    0.60    6.91   14.99   15.47   14.04
  650     285        2  4719.97    0.00    0.60    6.69   14.84   15.46   14.02
  651     286        2  4739.98    0.00    0.60    6.48   14.69   15.44   14.01
  652     287        2  4759.98    0.00    0.61    6.26   14.54   15.43   13.99
  653     288        2  4779.98    0.00    0.61    6.05   14.39   15.41   13.97
  654     289        2  4799.99    0.00    0.61    5.84   14.24   15.39   13.94
  655     290        2  4819.99    0.00    0.61    5.62   14.08   15.37   13.92
  656     291        2  4839.99    0.00    0.62    5.41   13.92   15.35   13.90
  657     292        2  4860.00    0.00    0.62    5.20   13.76   15.32   13.87
  658     293        2  4880.00    0.00    0.62    4.99   13.60   15.30   13.85
  659     294        2  4900.01    0.00    0.62    4.78   13.44   15.27   13.82
  660     295        2  4920.01    0.00    0.63    4.57   13.27   15.23   13.79
  661     296        2  4940.01    0.00    0.63    4.36   13.10   15.20   13.76
  662     297        2  4960.02    0.00    0.63    4.15   12.93   15.16   13.73
  663     298        2  4980.02    0.00    0.63    3.95   12.76   15.12   13.70
  664     299        2  5000.03    0.00    0.64    3.74   12.59   15.08   13.66
  665     300        2  5020.03    0.00    0.64    3.54   12.42   15.03   13.63
  666     301        2  5040.03    0.00    0.64    3.33   12.24   14.99   13.59
  667     302        2  5060.04    0.00    0.64    3.13   12.07   14.94   13.56
  668     303        2  5080.04    0.00    0.65    2.93   11.89   14.89   13.52
  669     304        2  5100.05    0.00    0.65    2.73   11.71   14.84   13.48
  670     305        2  5120.05    0.00    0.65    2.53   11.53   14.78   13.44
  671     306        2  5140.05    0.00    0.65    2.33   11.35   14.72   13.40
  672     307        2  5160.06    0.00    0.66    2.14   11.16   14.66   13.36
  673     308        2  5180.06    0.00    0.66    1.95   10.98   14.60   13.31
  674     309        2  5200.06    0.00    0.66    1.75   10.79   14.54   13.27
  675     310        2  5220.07    0.00    0.66    1.56   10.61   14.47   13.22
  676     311        2  5240.07    0.00    0.67    1.37   10.42   14.40   13.18
  677     312        2  5260.08    0.00    0.67    1.19   10.23   14.33   13.13
  678     313        2  5280.08    0.00    0.67    1.00   10.05   14.26   13.08
  679     314        2  5300.08    0.00    0.67    0.82    9.86   14.19   13.03
  680     315        2  5320.09    0.00    0.68    0.64    9.67   14.11   12.98
  681     316        2  5340.09    0.00    0.68    0.46    9.48   14.04   12.93
  682     317        2  5360.10    0.00    0.68    0.28    9.29   13.96   12.88
  683     318        2  5380.10    0.00    0.69    0.11    9.09   13.87   12.83
  684     319        2  5400.10    0.00    0.69   -0.06    8.90   13.79   12.77
  685     320        2  5420.11    0.00    0.69   -0.23    8.71   13.70   12.72
  686     321        2  5440.11    0.00    0.69   -0.40    8.52   13.62   12.66
  687     322        2  5460.12    0.00    0.70   -0.57    8.32   13.53   12.60
  688     323        2  5480.12    0.00    0.70   -0.73    8.13   13.44   12.55
  689     324        2  5500.12    0.00    0.70   -0.89    7.94   13.35   12.49
  690     325        2  5520.13    0.00    0.70   -1.05    7.74   13.25   12.43
  691     326        2  5540.13    0.00    0.71   -1.20    7.55   13.15   12.37
  692     327        2  5560.14    0.00    0.71   -1.36    7.35   13.06   12.31
  693     328        2  5580.14    0.00    0.71   -1.51    7.16   12.96   12.25
  694     329        2  5600.14    0.00    0.71   -1.66    6.97   12.86   12.18
  695     330        2  5620.15    0.00    0.72   -1.80    6.77   12.75   12.12
  696     331        2  5640.15    0.00    0.72   -1.94    6.58   12.65   12.06
  697     332        2  5660.15    0.00    0.72   -2.08    6.39   12.54   11.99
  698     333        2  5680.16    0.00    0.72   -2.22    6.19   12.44   11.93
  699     334        2  5700.16    0.00    0.73   -2.35    6.00   12.33   11.86
  700     335        2  5720.17    0.00    0.73   -2.48    5.81   12.22   11.80
  701     336        2  5740.17    0.00    0.73   -2.61    5.62   12.11   11.73
  702     337        2  5760.17    0.00    0.73   -2.74    5.43   11.99   11.66
  703     338        2  5780.18    0.00    0.74   -2.86    5.24   11.88   11.59
  704     339        2  5800.18    0.00    0.74   -2.98    5.05   11.76   11.52
  705     340        2  5820.19    0.00    0.74   -3.09    4.86   11.65   11.46
  706     341        2  5840.19    0.00    0.74   -3.21    4.67   11.53   11.39
  707     342        2  5860.19    0.00    0.75   -3.32    4.48   11.41   11.31
  708     343        2  5880.20    0.00    0.75   -3.42    4.30   11.29   11.24
  709     344        2  5900.20    0.00    0.75   -3.53    4.11   11.17   11.17
  710     345        2  5920.21    0.00    0.75   -3.63    3.93   11.05   11.10
  711     346        2  5940.21    0.00    0.76   -3.72    3.74   10.92   11.03
  712     347        2  5960.21    0.00    0.76   -3.81    3.56   10.80   10.96
  713     348        2  5980.22    0.00    0.76   -3.90    3.38   10.67   10.88
  714     349        2  6000.22    0.00    0.76   -3.99    3.20   10.55   10.81
  715     350        2  6020.23    0.00    0.77   -4.07    3.02   10.42   10.73
  716     351        2  6040.23    0.00    0.77   -4.15    2.85   10.29   10.66
  717     352        2  6060.23    0.00    0.77   -4.23    2.67   10.16   10.58
  718     353        2  6080.24    0.00    0.77   -4.30    2.50   10.03   10.51
  719     354        2  6100.24    0.00    0.78   -4.37    2.32    9.90   10.43
  720     355        2  6120.24    0.00    0.78   -4.44    2.15    9.77   10.36
  721     356        2  6140.25    0.00    0.78   -4.50    1.98    9.64   10.28
  722     357        2  6160.25    0.00    0.78   -4.56    1.81    9.50   10.21
  723     358        2  6180.26    0.00    0.79   -4.61    1.65    9.37   10.13
  724     359        2  6200.26    0.00    0.79   -4.66    1.48    9.24   10.05
  725     360        2  6220.26    0.00    0.79   -4.71    1.32    9.10    9.98
  726     361        2  6240.27    0.00    0.79   -4.76    1.16    8.97    9.90
  727     362        2  6260.27    0.00    0.80   -4.80    1.00    8.83    9.82
  728     363        2  6280.28    0.00    0.80   -4.83    0.84    8.70    9.74
  729     364        2  6300.28    0.00    0.80   -4.87    0.69    8.56    9.67
  730     365        2  6320.28    0.00    0.80   -4.90    0.53    8.43    9.59
  731       1        3  1020.00    0.00    0.13   -4.92    0.38    8.29    9.31
  732       2        3  1040.00    0.00    0.13   -4.94    0.23    8.15    8.87
  733       3        3  1060.00    0.00    0.13   -4.96    0.09    8.01    8.47
  734       4        3  1080.00    0.00    0.14   -4.98   -0.06    7.88    8.09
  735       5        3  1100.00    0.00    0.14   -4.99   -0.20    7.74    7.75
  736       6        3  1120.00    0.00    0.14   -5.00   -0.34    7.60    7.43
  737       7        3  1140.01    0.00    0.15   -5.00   -0.48    7.47    7.13
  738       8        3  1160.01    0.00    0.15   -5.00   -0.62    7.33    6.85
  739       9        3  1180.01    0.00    0.15   -5.00   -0.75    7.19    6.59
  740      10        3  1200.01    0.00    0.15   -4.99   -0.88    7.05    6.34
  741      11        3  1220.01    0.00    0.16   -4.98   -1.01    6.92    6.11
  742      12        3  1240.01    0.00    0.16   -4.96   -1.13    6.78    5.90
  743      13        3  1260.01    0.00    0.16   -4.94   -1.26    6.64    5.69
  744      14        3  1280.01    0.00    0.16   -4.92   -1.38    6.51    5.50
  745      15        3  1300.01    0.00    0.17   -4.90   -1.49    6.37    5.31
  746      16        3  1320.01    0.00    0.17   -4.87   -1.61    6.23    5.14
  747      17        3  1340.01    0.00    0.17   -4.83   -1.72    6.10    4.97
  748      18        3  1360.02    0.00    0.17   -4.80   -1.83    5.96    4.82
  749      19        3  1380.02    0.00    0.18   -4.76   -1.94    5.83    4.67
  750      20        3  1400.02    0.00    0.18   -4.71   -2.04    5.70    4.52
  751      21        3  1420.02    0.00    0.18   -4.66   -2.15    5.56    4.39
  752      22        3  1440.02    0.00    0.18   -4.61   -2.24    5.43    4.25
  753      23        3  1460.02    0.00    0.19   -4.56   -2.34    5.30    4.13
  754      24        3  1480.02    0.00    0.19   -4.50   -2.43    5.17    4.01
  755      25        3  1500.02    0.00    0.19   -4.44   -2.52    5.03    3.89
  756      26        3  1520.02    0.00    0.19   -4.37   -2.61    4.90    3.78
  757      27        3  1540.02    0.00    0.20   -4.30   -2.69    4.77    3.67
  758      28        3  1560.03    0.00    0.20   -4.23   -2.77    4.65    3.57
  759      29        3  1580.03    0.00    0.20   -4.15   -2.85    4.52    3.47
  760      30        3  1600.03    0.00    0.20   -4.07   -2.93    4.39    3.37
  761      31        3  1620.03    0.00    0.21   -3.99   -3.00    4.26    3.28
  762      32        3  1640.03    0.00    0.21   -3.90   -3.07    4.14    3.19
  763      33        3  1660.03    0.00    0.21   -3.81   -3.13    4.02    3.10
  764      34        3  1680.03    0.00    0.21   -3.72   -3.19    3.89    3.02
  765      35        3  1700.03    0.00    0.22   -3.63   -3.25    3.77    2.94
  766      36        3  1720.03    0.00    0.22   -3.53   -3.31    3.65    2.86
  767      37        3  1740.03    0.00    0.22   -3.42   -3.36    3.53    2.78
  768      38        3  1760.04    0.00    0.22   -3.32   -3.41    3.41    2.71
  769      39        3  1780.04    0.00    0.23   -3.21   -3.46    3.29    2.64
  770      40        3  1800.04    0.00    0.23   -3.09   -3.50    3.18    2.57
  771      41        3  1820.04    0.00    0.23   -2.98   -3.54    3.06    2.51
  772      42        3  1840.04    0.00    0.23   -2.86   -3.58    2.95    2.45
  773      43        3  1860.04    0.00    0.24   -2.74   -3.61    2.84    2.38
  774      44        3  1880.04    0.00    0.24   -2.61   -3.64    2.73    2.33
  775      45        3  1900.04    0.00    0.24   -2.48   -3.67    2.62    2.27
  776      46        3  1920.04    0.00    0.24   -2.35   -3.69    2.51    2.21
  777      47        3  1940.04    0.00    0.25   -2.22   -3.71    2.40    2.16
  778      48        3  1960.05    0.00    0.25   -2.08   -3.73    2.30    2.11
  779      49        3  1980.05    0.00    0.25   -1.94   -3.74    2.19    2.06
  780      50        3  2000.05    0.00    0.25   -1.80   -3.75    2.09    2.02
  781      51        3  2020.05    0.00    0.26   -1.66   -3.76    1.99    1.97
  782      52        3  2040.05    0.00    0.26   -1.51   -3.76    1.89    1.93
  783      53        3  2060.05    0.00    0.26   -1.36   -3.76    1.80    1.89
  784      54        3  2080.05    0.00    0.26   -1.20   -3.76    1.70    1.85
  785      55        3  2100.04    0.00    0.27   -1.05   -3.75    1.61    1.81
  786      56        3  2120.04    0.00    0.27   -0.89   -3.74    1.52    1.78
  787      57        3  2140.04    0.00    0.27   -0.73   -3.73    1.43    1.74
  788      58        3  2160.04    0.00    0.28   -0.57   -3.71    1.34    1.71
  789      59        3  2180.04    0.00    0.28   -0.40   -3.69    1.25    1.68
  790      60        3  2200.03    0.00    0.28   -0.23   -3.67    1.17    1.65
  791      61        3  2220.03    0.00    0.28   -0.06   -3.64    1.08    1.62
  792      62        3  2240.03    0.00    0.29    0.11   -3.61    1.00    1.60
  793      63        3  2260.03    0.00    0.29    0.28   -3.58    0.93    1.58
  794      64        3  2280.03    0.00    0.29    0.46   -3.54    0.85    1.55
  795      65        3  2300.02    0.00    0.29    0.64   -3.50    0.77    1.53
  796      66        3  2320.02    0.00    0.30    0.82   -3.46    0.70    1.51
  797      67        3  2340.02    0.00    0.30    1.00   -3.41    0.63    1.50
  798      68        3  2360.02    0.00    0.30    1.19   -3.36    0.56    1.48
  799      69        3  2380.02    0.00    0.30    1.37   -3.31    0.49    1.47
  800      70        3  2400.02    0.00    0.31    1.56   -3.25    0.43    1.46
  801      71        3  2420.01    0.00    0.31    1.75   -3.19    0.37    1.45
  802      72        3  2440.01    0.00    0.31    1.95   -3.13    0.31    1.44
  803      73        3  2460.01    0.00    0.31    2.14   -3.07    0.25    1.43
  804      74        3  2480.01    0.00    0.32    2.33   -3.00    0.19    1.42
  805      75        3  2500.01    0.00    0.32    2.53   -2.93    0.14    1.42
  806      76        3  2520.00    0.00    0.32    2.73   -2.85    0.09    1.42
  807      77        3  2540.00    0.00    0.32    2.93   -2.77    0.04    1.41
  808      78        3  2560.00    0.00    0.33    3.13   -2.69   -0.01    1.42
  809      79        3  2580.00    0.00    0.33    3.33   -2.61   -0.06    1.42
  810      80        3  2600.00    0.00    0.33    3.54   -2.52   -0.10    1.42
  811      81        3  2619.99    0.00    0.33    3.74   -2.43   -0.14    1.43
  812      82        3  2639.99    0.00    0.34    3.95   -2.34   -0.18    1.43
  813      83        3  2659.99    0.00    0.34    4.15   -2.24   -0.22    1.44
  814      84        3  2679.99    0.00    0.34    4.36   -2.15   -0.25    1.45
  815      85        3  2699.99    0.00    0.34    4.57   -2.04   -0.28    1.46
  816      86        3  2719.98    0.00    0.35    4.78   -1.94   -0.31    1.47
  817      87        3  2739.98    0.00    0.35    4.99   -1.83   -0.34    1.49
  818      88        3  2759.98    0.00    0.35    5.20   -1.72   -0.36    1.50
  819      89        3  2779.98    0.00    0.35    5.41   -1.61   -0.38    1.52
  820      90        3  2799.98    0.00    0.36    5.62   -1.49   -0.40    1.53
  821      91        3  2819.97    0.00    0.36    5.84   -1.38   -0.42    1.55
  822      92        3  2839.97    0.00    0.36    6.05   -1.26   -0.44    1.57
  823      93        3  2859.97    0.00    0.36    6.26   -1.13   -0.45    1.60
  824      94        3  2879.97    0.00    0.37    6.48   -1.01   -0.46    1.62
  825      95        3  2899.97    0.00    0.37    6.69   -0.88   -0.47    1.65
  826      96        3  2919.96    0.00    0.37    6.91   -0.75   -0.47    1.67
  827      97        3  2939.96    0.00    0.37    7.12   -0.62   -0.48    1.70
  828      98        3  2959.96    0.00    0.38    7.34   -0.48   -0.48    1.73
  829      99        3  2979.96    0.00    0.38    7.55   -0.34   -0.48    1.76
  830     100        3  1020.00    0.00    0.13    7.77   -0.20   -0.47    1.82
  831     101        3  1040.00    0.00    0.13    7.98   -0.06   -0.47    1.92
  832     102        3  1060.00    0.00    0.13    8.20    0.09   -0.46    2.01
  833     103        3  1080.00    0.00    0.14    8.41    0.23   -0.45    2.10
  834     104        3  1100.00    0.00    0.14    8.63    0.38   -0.44    2.18
  835     105        3  1120.00    0.00    0.14    8.84    0.53   -0.42    2.27
  836     106        3  1140.01    0.00    0.15    9.06    0.69   -0.40    2.36
  837     107        3  1160.01    0.00    0.15    9.27    0.84   -0.38    2.44
  838     108        3  1180.01    0.00    0.15    9.48    1.00   -0.36    2.52
  839     109        3  1200.01    0.00    0.15    9.69    1.16   -0.34    2.61
  840     110        3  1220.01    0.00    0.16    9.91    1.32   -0.31    2.69
  841     111        3  1240.01    0.00    0.16   10.12    1.48   -0.28    2.77
  842     112        3  1260.01    0.00    0.16   10.33    1.65   -0.25    2.86
  843     113        3  1280.01    0.00    0.16   10.54    1.81   -0.22    2.94
  844     114        3  1300.01    0.00    0.17   10.74    1.98   -0.18    3.02
  845     115        3  1320.01    0.00    0.17   10.95    2.15   -0.14    3.10
  846     116        3  1340.01    0.00    0.17   11.16    2.32   -0.10    3.19
  847     117        3  1360.02    0.00    0.17   11.36    2.50   -0.06    3.27
  848     118        3  1380.02    0.00    0.18   11.57    2.67   -0.01    3.35
  849     119        3  1400.02    0.00    0.18   11.77    2.85    0.04    3.44
  850     120        3  1420.02    0.00    0.18   11.97    3.02    0.09    3.52
  851     121        3  1440.02    0.00    0.18   12.17    3.20    0.14    3.61
  852     122        3  1460.02    0.00    0.19   12.37    3.38    0.19    3.69
  853     123        3  1480.02    0.00    0.19   12.57    3.56    0.25    3.78
  854     124        3  1500.02    0.00    0.19   12.76    3.74    0.31    3.86
  855     125        3  1520.02    0.00    0.19   12.96    3.93    0.37    3.95
  856     126        3  1540.02    0.00    0.20   13.15    4.11    0.43    4.04
  857     127        3  1560.03    0.00    0.20   13.34    4.30    0.49    4.13
  858     128        3  1580.03    0.00    0.20   13.53    4.48    0.56    4.21
  859     129        3  1600.03    0.00    0.20   13.72    4.67    0.63    4.30
  860     130        3  1620.03    0.00    0.21   13.90    4.86    0.70    4.39
  861     131        3  1640.03    0.00    0.21   14.09    5.05    0.77    4.48
  862     132        3  1660.03    0.00    0.21   14.27    5.24    0.85    4.57
  863     133        3  1680.03    0.00    0.21   14.45    5.43    0.93    4.66
  864     134        3  1700.03    0.00    0.22   14.63    5.62    1.00    4.75
  865     135        3  1720.03    0.00    0.22   14.80    5.81    1.08    4.84
  866     136        3  1740.03    0.00    0.22   14.98    6.00    1.17    4.93
  867     137        3  1760.04    0.00    0.22   15.15    6.19    1.25    5.02
  868     138        3  1780.04    0.00    0.23   15.32    6.39    1.34    5.12
  869     139        3  1800.04    0.00    0.23   15.48    6.58    1.43    5.21
  870     140        3  1820.04    0.00    0.23   15.65    6.77    1.52    5.30
  871     141        3  1840.04    0.00    0.23   15.81    6.97    1.61    5.40
  872     142        3  1860.04    0.00    0.24   15.97    7.16    1.70    5.49
  873     143        3  1880.04    0.00    0.24   16.13    7.35    1.80    5.58
  874     144        3  1900.04    0.00    0.24   16.28    7.55    1.89    5.68
  875     145        3  1920.04    0.00    0.24   16.43    7.74    1.99    5.77
  876     146        3  1940.04    0.00    0.25   16.58    7.94    2.09    5.87
  877     147        3  1960.05    0.00    0.25   16.73    8.13    2.19    5.96
  878     148        3  1980.05    0.00    0.25   16.87    8.32    2.30    6.06
  879     149        3  2000.05    0.00    0.25   17.01    8.52    2.40    6.16
  880     150        3  2020.05    0.00    0.26   17.15    8.71    2.51    6.25
  881     151        3  2040.05    0.00    0.26   17.29    8.90    2.62    6.35
  882     152        3  2060.05    0.00    0.26   17.42    9.09    2.73    6.44
  883     153        3  2080.05    0.00    0.26   17.55    9.29    2.84    6.54
  884     154        3  2100.04    0.00    0.27   17.68    9.48    2.95    6.64
  885     155        3  2120.04    0.00    0.27   17.80    9.67    3.06    6.73
  886     156        3  2140.04    0.00    0.27   17.92    9.86    3.18    6.83
  887     157        3  2160.04    0.00    0.28   18.04   10.05    3.29    6.93
  888     158        3  2180.04    0.00    0.28   18.15   10.23    3.41    7.03
  889     159        3  2200.03    0.00    0.28   18.26   10.42    3.53    7.12
  890     160        3  2220.03    0.00    0.28   18.37   10.61    3.65    7.22
  891     161        3  2240.03    0.00    0.29   18.47   10.79    3.77    7.32
  892     162        3  2260.03    0.00    0.29   18.58   10.98    3.89    7.42
  893     163        3  2280.03    0.00    0.29   18.67   11.16    4.02    7.51
  894     164        3  2300.02    0.00    0.29   18.77   11.35    4.14    7.61
  895     165        3  2320.02    0.00    0.30   18.86   11.53    4.26    7.71
  896     166        3  2340.02    0.00    0.30   18.95   11.71    4.39    7.80
  897     167        3  2360.02    0.00    0.30   19.03   11.89    4.52    7.90
  898     168        3  2380.02    0.00    0.30   19.11   12.07    4.65    8.00
  899     169        3  2400.02    0.00    0.31   19.19   12.24    4.77    8.10
  900     170        3  2420.01    0.00    0.31   19.27   12.42    4.90    8.19
  901     171        3  2440.01    0.00    0.31   19.34   12.59    5.03    8.29
  902     172        3  2460.01    0.00    0.31   19.40   12.76    5.17    8.39
  903     173        3  2480.01    0.00    0.32   19.47   12.93    5.30    8.48
  904     174        3  2500.01    0.00    0.32   19.53   13.10    5.43    8.58
  905     175        3  2520.00    0.00    0.32   19.59   13.27    5.56    8.67
  906     176        3  2540.00    0.00    0.32   19.64   13.44    5.70    8.77
  907     177        3  2560.00    0.00    0.33   19.69   13.60    5.83    8.86
  908     178        3  2580.00    0.00    0.33   19.73   13.76    5.96    8.96
  909     179        3  2600.00    0.00    0.33   19.78   13.92    6.10    9.05
  910     180        3  2619.99    0.00    0.33   19.82   14.08    6.23    9.15
  911     181        3  2639.99    0.00    0.34   19.85   14.24    6.37    9.24
  912     182        3  2659.99    0.00    0.34   19.88   14.39    6.51    9.33
  913     183        3  2679.99    0.00    0.34   19.91   14.54    6.64    9.43
  914     184        3  2699.99    0.00    0.34   19.93   14.69    6.78    9.52
  915     185        3  2719.98    0.00    0.35   19.95   14.84    6.92    9.61
  916     186        3  2739.98    0.00    0.35   19.97   14.99    7.05    9.70
  917     187        3  2759.98    0.00    0.35   19.98   15.13    7.19    9.79
  918     188        3  2779.98    0.00    0.35   19.99   15.27    7.33    9.88
  919     189        3  2799.98    0.00    0.36   20.00   15.41    7.47    9.97
  920     190        3  2819.97    0.00    0.36   20.00   15.55    7.60   10.06
  921     191        3  2839.97    0.00    0.36   20.00   15.68    7.74   10.15
  922     192        3  2859.97    0.00    0.36   19.99   15.81    7.88   10.24
  923     193        3  2879.97    0.00    0.37   19.98   15.94    8.01   10.33
  924     194        3  2899.97    0.00    0.37   19.97   16.07    8.15   10.41
  925     195        3  2919.96    0.00    0.37   19.95   16.20    8.29   10.50
  926     196        3  2939.96    0.00    0.37   19.93   16.32    8.43   10.59
  927     197        3  2959.96    0.00    0.38   19.91   16.44    8.56   10.67
  928     198        3  2979.96    0.00    0.38   19.88   16.55    8.70   10.76
  929     199        3  2999.96    0.00    0.38   19.85   16.67    8.83   10.84
  930     200        3  3019.95    0.00    0.38   19.82   16.78    8.97   10.92
  931     201        3  3039.95    0.00    0.39   19.78   16.89    9.10   11.01
  932     202        3  3059.95    0.00    0.39   19.73   16.99    9.24   11.09
  933     203        3  3079.95    0.00    0.39   19.69   17.09    9.37   11.17
  934     204        3  3099.95    0.00    0.39   19.64   17.20    9.50   11.25
  935     205        3  3119.94    0.00    0.40   19.59   17.29    9.64   11.33
  936     206        3  3139.94    0.00    0.40   19.53   17.39    9.77   11.40
  937     207        3  3159.94    0.00    0.40   19.47   17.48    9.90   11.48
  938     208        3  3179.94    0.00    0.40   19.40   17.57   10.03   11.56
  939     209        3  3199.94    0.00    0.41   19.34   17.65   10.16   11.63
  940     210        3  3219.94    0.00    0.41   19.27   17.73   10.29   11.71
  941     211        3  3239.93    0.00    0.41   19.19   17.81   10.42   11.78
  942     212        3  3259.93    0.00    0.42   19.11   17.89   10.55   11.86
  943     213        3  3279.93    0.00    0.42   19.03   17.96   10.67   11.93
  944     214        3  3299.93    0.00    0.42   18.95   18.03   10.80   12.00
  945     215        3  3319.93    0.00    0.42   18.86   18.10   10.92   12.07
  946     216        3  3339.92    0.00    0.43   18.77   18.16   11.05   12.14
  947     217        3  3359.92    0.00    0.43   18.67   18.22   11.17   12.21
  948     218        3  3379.92    0.00    0.43   18.58   18.28   11.29   12.27
  949     219        3  3399.92    0.00    0.43   18.47   18.34   11.41   12.34
  950     220        3  3419.92    0.00    0.44   18.37   18.39   11.53   12.40
  951     221        3  3439.91    0.00    0.44   18.26   18.44   11.65   12.47
  952     222        3  3459.91    0.00    0.44   18.15   18.48   11.76   12.53
  953     223        3  3479.91    0.00    0.44   18.04   18.52   11.88   12.59
  954     224        3  3499.91    0.00    0.45   17.92   18.56   11.99   12.65
  955     225        3  3519.91    0.00    0.45   17.80   18.59   12.11   12.71
  956     226        3  3539.90    0.00    0.45   17.68   18.63   12.22   12.77
  957     227        3  3559.90    0.00    0.45   17.55   18.65   12.33   12.83
  958     228        3  3579.90    0.00    0.46   17.42   18.68   12.44   12.89
  959     229        3  3599.90    0.00    0.46   17.29   18.70   12.54   12.94
  960     230        3  3619.90    0.00    0.46   17.15   18.72   12.65   13.00
  961     231        3  3639.89    0.00    0.46   17.01   18.73   12.75   13.05
  962     232        3  3659.89    0.00    0.47   16.87   18.75   12.86   13.10
  963     233        3  3679.89    0.00    0.47   16.73   18.75   12.96   13.15
  964     234        3  3699.89    0.00    0.47   16.58   18.76   13.06   13.20
  965     235        3  3719.89    0.00    0.47   16.43   18.76   13.15   13.25
  966     236        3  3739.88    0.00    0.48   16.28   18.76   13.25   13.30
  967     237        3  3759.88    0.00    0.48   16.13   18.75   13.35   13.34
  968     238        3  3779.88    0.00    0.48   15.97   18.75   13.44   13.39
  969     239        3  3799.88    0.00    0.48   15.81   18.73   13.53   13.43
  970     240        3  3819.88    0.00    0.49   15.65   18.72   13.62   13.47
  971     241        3  3839.87    0.00    0.49   15.48   18.70   13.70   13.51
  972     242        3  3859.87    0.00    0.49   15.32   18.68   13.79   13.55
  973     243        3  3879.87    0.00    0.49   15.15   18.65   13.87   13.59
  974     244        3  3899.87    0.00    0.50   14.98   18.63   13.96   13.63
  975     245        3  3919.87    0.00    0.50   14.80   18.59   14.04   13.66
  976     246        3  3939.86    0.00    0.50   14.63   18.56   14.11   13.70
  977     247        3  3959.86    0.00    0.50   14.45   18.52   14.19   13.73
  978     248        3  3979.86    0.00    0.51   14.27   18.48   14.26   13.76
  979     249        3  3999.86    0.00    0.51   14.09   18.44   14.33   13.79
  980     250        3  4019.86    0.00    0.51   13.90   18.39   14.40   13.82
  981     251        3  4039.85    0.00    0.51   13.72   18.34   14.47   13.85
  982     252        3  4059.85    0.00    0.52   13.53   18.28   14.54   13.88
  983     253        3  4079.85    0.00    0.52   13.34   18.22   14.60   13.90
  984     254        3  4099.85    0.00    0.52   13.15   18.16   14.66   13.93
  985     255        3  4119.85    0.00    0.52   12.96   18.10   14.72   13.95
  986     256        3  4139.86    0.00    0.53   12.76   18.03   14.78   13.97
  987     257        3  4159.86    0.00    0.53   12.57   17.96   14.84   13.99
  988     258        3  4179.87    0.00    0.53   12.37   17.89   14.89   14.01
  989     259        3  4199.87    0.00    0.53   12.17   17.81   14.94   14.03
  990     260        3  4219.87    0.00    0.54   11.97   17.73   14.99   14.05
  991     261        3  4239.88    0.00    0.54   11.77   17.65   15.03   14.06
  992     262        3  4259.88    0.00    0.54   11.57   17.57   15.08   14.07
  993     263        3  4279.89    0.00    0.54   11.36   17.48   15.12   14.09
  994     264        3  4299.89    0.00    0.55   11.16   17.39   15.16   14.10
  995     265        3  4319.89    0.00    0.55   10.95   17.29   15.20   14.11
  996     266        3  4339.90    0.00    0.55   10.74   17.20   15.23   14.12
  997     267        3  4359.90    0.00    0.56   10.54   17.09   15.27   14.12
  998     268        3  4379.90    0.00    0.56   10.33   16.99   15.30   14.13
  999     269        3  4399.91    0.00    0.56   10.12   16.89   15.32   14.13
 1000     270        3  4419.91    0.00    0.56    9.91   16.78   15.35   14.14
 1001     271        3  4439.92    0.00    0.57    9.69   16.67   15.37   14.14
 1002     272        3  4459.92    0.00    0.57    9.48   16.55   15.39   14.14
 1003     273        3  4479.92    0.00    0.57    9.27   16.44   15.41   14.14
 1004     274        3  4499.93    0.00    0.57    9.06   16.32   15.43   14.13
 1005     275        3  4519.93    0.00    0.58    8.84   16.20   15.44   14.13
 1006     276        3  4539.94    0.00    0.58    8.63   16.07   15.46   14.13
 1007     277        3  4559.94    0.00    0.58    8.41   15.94   15.47   14.12
 1008     278        3  4579.94    0.00    0.58    8.20   15.81   15.47   14.11
 1009     279        3  4599.95    0.00    0.59    7.98   15.68   15.48   14.10
 1010     280        3  4619.95    0.00    0.59    7.77   15.55   15.48   14.09
 1011     281        3  4639.96    0.00    0.59    7.55   15.41   15.48   14.08
 1012     282        3  4659.96    0.00    0.59    7.34   15.27   15.48   14.07
 1013     283        3  4679.96    0.00    0.60    7.12   15.13   15.47   14.06
 1014     284        3  4699.97    0.00    0.60    6.91   14.99   15.47   14.04
 1015     285        3  4719.97    0.00    0.60    6.69   14.84   15.46   14.02
 1016     286        3  4739.98    0.00    0.60    6.48   14.69   15.44   14.01
 1017     287        3  4759.98    0.00    0.61    6.26   14.54   15.43   13.99
 1018     288        3  4779.98    0.00    0.61    6.05   14.39   15.41   13.97
 1019     289        3  4799.99    0.00    0.61    5.84   14.24   15.39   13.94
 1020     290        3  4819.99    0.00    0.61    5.62   14.08   15.37   13.92
 1021     291        3  4839.99    0.00    0.62    5.41   13.92   15.35   13.90
 1022     292        3  4860.00    0.00    0.62    5.20   13.76   15.32   13.87
 1023     293        3  4880.00    0.00    0.62    4.99   13.60   15.30   13.85
 1024     294        3  4900.01    0.00    0.62    4.78   13.44   15.27   13.82
 1025     295        3  4920.01    0.00    0.63    4.57   13.27   15.23   13.79
 1026     296        3  4940.01    0.00    0.63    4.36   13.10   15.20   13.76
 1027     297        3  4960.02    0.00    0.63    4.15   12.93   15.16   13.73
 1028     298        3  4980.02    0.00    0.63    3.95   12.76   15.12   13.70
 1029     299        3  5000.03    0.00    0.64    3.74   12.59   15.08   13.66
 1030     300        3  5020.03    0.00    0.64    3.54   12.42   15.03   13.63
 1031     301        3  5040.03    0.00    0.64    3.33   12.24   14.99   13.59
 1032     302        3  5060.04    0.00    0.64    3.13   12.07   14.94   13.56
 1033     303        3  5080.04    0.00    0.65    2.93   11.89   14.89   13.52
 1034     304        3  5100.05    0.00    0.65    2.73   11.71   14.84   13.48
 1035     305        3  5120.05    0.00    0.65    2.53   11.53   14.78   13.44
 1036     306        3  5140.05    0.00    0.65    2.33   11.35   14.72   13.40
 1037     307        3  5160.06    0.00    0.66    2.14   11.16   14.66   13.36
 1038     308        3  5180.06    0.00    0.66    1.95   10.98   14.60   13.31
 1039     309        3  5200.06    0.00    0.66    1.75   10.79   14.54   13.27
 1040     310        3  5220.07    0.00    0.66    1.56   10.61   14.47   13.22
 1041     311        3  5240.07    0.00    0.67    1.37   10.42   14.40   13.18
 1042     312        3  5260.08    0.00    0.67    1.19   10.23   14.33   13.13
 1043     313        3  5280.08    0.00    0.67    1.00   10.05   14.26   13.08
 1044     314        3  5300.08    0.00    0.67    0.82    9.86   14.19   13.03
 1045     315        3  5320.09    0.00    0.68    0.64    9.67   14.11   12.98
 1046     316        3  5340.09    0.00    0.68    0.46    9.48   14.04   12.93
 1047     317        3  5360.10    0.00    0.68    0.28    9.29   13.96   12.88
 1048     318        3  5380.10    0.00    0.69    0.11    9.09   13.87   12.83
 1049     319        3  5400.10    0.00    0.69   -0.06    8.90   13.79   12.77
 1050     320        3  5420.11    0.00    0.69   -0.23    8.71   13.70   12.72
 1051     321        3  5440.11    0.00    0.69   -0.40    8.52   13.62   12.66
 1052     322        3  5460.12    0.00    0.70   -0.57    8.32   13.53   12.60
 1053     323        3  5480.12    0.00    0.70   -0.73    8.13   13.44   12.55
 1054     324        3  5500.12    0.00    0.70   -0.89    7.94   13.35   12.49
 1055     325        3  5520.13    0.00    0.70   -1.05    7.74   13.25   12.43
 1056     326        3  5540.13    0.00    0.71   -1.20    7.55   13.15   12.37
 1057     327        3  5560.14    0.00    0.71   -1.36    7.35   13.06   12.31
 1058     328        3  5580.14    0.00    0.71   -1.51    7.16   12.96   12.25
 1059     329        3  5600.14    0.00    0.71   -1.66    6.97   12.86   12.18
 1060     330        3  5620.15    0.00    0.72   -1.80    6.77   12.75   12.12
 1061     331        3  5640.15    0.00    0.72   -1.94    6.58   12.65   12.06
 1062     332        3  5660.15    0.00    0.72   -2.08    6.39   12.54   11.99
 1063     333        3  5680.16    0.00    0.72   -2.22    6.19   12.44   11.93
 1064     334        3  5700.16    0.00    0.73   -2.35    6.00   12.33   11.86
 1065     335        3  5720.17    0.00    0.73   -2.48    5.81   12.22   11.80
 1066     336        3  5740.17    0.00    0.73   -2.61    5.62   12.11   11.73
 1067     337        3  5760.17    0.00    0.73   -2.74    5.43   11.99   11.66
 1068     338        3  5780.18    0.00    0.74   -2.86    5.24   11.88   11.59
 1069     339        3  5800.18    0.00    0.74   -2.98    5.05   11.76   11.52
 1070     340        3  5820.19    0.00    0.74   -3.09    4.86   11.65   11.46
 1071     341        3  5840.19    0.00    0.74   -3.21    4.67   11.53   11.39
 1072     342        3  5860.19    0.00    0.75   -3.32    4.48   11.41   11.31
 1073     343        3  5880.20    0.00    0.75   -3.42    4.30   11.29   11.24
 1074     344        3  5900.20    0.00    0.75   -3.53    4.11   11.17   11.17
 1075     345        3  5920.21    0.00    0.75   -3.63    3.93   11.05   11.10
 1076     346        3  5940.21    0.00    0.76   -3.72    3.74   10.92   11.03
 1077     347        3  5960.21    0.00    0.76   -3.81    3.56   10.80   10.96
 1078     348        3  5980.22    0.00    0.76   -3.90    3.38   10.67   10.88
 1079     349        3  6000.22    0.00    0.76   -3.99    3.20   10.55   10.81
 1080     350        3  6020.23    0.00    0.77   -4.07    3.02   10.42   10.73
 1081     351        3  6040.23    0.00    0.77   -4.15    2.85   10.29   10.66
 1082     352        3  6060.23    0.00    0.77   -4.23    2.67   10.16   10.58
 1083     353        3  6080.24    0.00    0.77   -4.30    2.50   10.03   10.51
 1084     354        3  6100.24    0.00    0.78   -4.37    2.32    9.90   10.43
 1085     355        3  6120.24    0.00    0.78   -4.44    2.15    9.77   10.36
 1086     356        3  6140.25    0.00    0.78   -4.50    1.98    9.64   10.28
 1087     357        3  6160.25    0.00    0.78   -4.56    1.81    9.50   10.21
 1088     358        3  6180.26    0.00    0.79   -4.61    1.65    9.37   10.13
 1089     359        3  6200.26    0.00    0.79   -4.66    1.48    9.24   10.05
 1090     360        3  6220.26    0.00    0.79   -4.71    1.32    9.10    9.98
 1091     361        3  6240.27    0.00    0.79   -4.76    1.16    8.97    9.90
 1092     362        3  6260.27    0.00    0.80   -4.80    1.00    8.83    9.82
 1093     363        3  6280.28    0.00    0.80   -4.83    0.84    8.70    9.74
 1094     364        3  6300.28    0.00    0.80   -4.87    0.69    8.56    9.67
 1095     365        3  6320.28    0.00    0.80   -4.90    0.53    8.43    9.59
