 Day of  Day of Year Air   Radiation
 sim.     year        T
    1       1        1            -13.            27.
    2       2        1            -14.            26.
    3       3        1            -14.            25.
    4       4        1            -14.            24.
    5       5        1            -14.            24.
    6       6        1            -14.            23.
    7       7        1            -14.            22.
    8       8        1            -14.            21.
    9       9        1            -14.            21.
   10      10        1            -14.            20.
   11      11        1            -14.            20.
   12      12        1            -14.            19.
   13      13        1            -15.            19.
   14      14        1            -15.            18.
   15      15        1            -15.            18.
   16      16        1            -15.            17.
   17      17        1            -15.            17.
   18      18        1            -15.            17.
   19      19        1            -15.            16.
   20      20        1            -15.            16.
   21      21        1            -15.            16.
   22      22        1            -15.            16.
   23      23        1            -15.            15.
   24      24        1            -15.            15.
   25      25        1            -15.            15.
   26      26        1            -15.            15.
   27      27        1            -15.            15.
   28      28        1            -15.            15.
   29      29        1            -15.            15.
   30      30        1            -15.            15.
   31      31        1            -15.            15.
   32      32        1            -15.            15.
   33      33        1            -15.            16.
   34      34        1            -15.            16.
   35      35        1            -15.            16.
   36      36        1            -15.            16.
   37      37        1            -15.            17.
   38      38        1            -15.            17.
   39      39        1            -15.            17.
   40      40        1            -15.            18.
   41      41        1            -15.            18.
   42      42        1            -15.            19.
   43      43        1            -14.            19.
   44      44        1            -14.            20.
   45      45        1            -14.            20.
   46      46        1            -14.            21.
   47      47        1            -14.            21.
   48      48        1            -14.            22.
   49      49        1            -14.            23.
   50      50        1            -14.            24.
   51      51        1            -14.            24.
   52      52        1            -14.            25.
   53      53        1            -14.            26.
   54      54        1            -13.            27.
   55      55        1            -13.            28.
   56      56        1            -13.            29.
   57      57        1            -13.            30.
   58      58        1            -13.            31.
   59      59        1            -13.            32.
   60      60        1            -13.            33.
   61      61        1            -13.            34.
   62      62        1            -12.            35.
   63      63        1            -12.            36.
   64      64        1            -12.            37.
   65      65        1            -12.            38.
   66      66        1            -12.            39.
   67      67        1            -12.            41.
   68      68        1            -11.            42.
   69      69        1            -11.            43.
   70      70        1            -11.            45.
   71      71        1            -11.            46.
   72      72        1            -11.            47.
   73      73        1            -11.            49.
   74      74        1            -10.            50.
   75      75        1            -10.            52.
   76      76        1            -10.            53.
   77      77        1            -10.            54.
   78      78        1            -10.            56.
   79      79        1             -9.            57.
   80      80        1             -9.            59.
   81      81        1             -9.            61.
   82      82        1             -9.            62.
   83      83        1             -9.            64.
   84      84        1             -8.            65.
   85      85        1             -8.            67.
   86      86        1             -8.            69.
   87      87        1             -8.            70.
   88      88        1             -8.            72.
   89      89        1             -7.            74.
   90      90        1             -7.            76.
   91      91        1             -7.            77.
   92      92        1             -7.            79.
   93      93        1             -6.            81.
   94      94        1             -6.            83.
   95      95        1             -6.            85.
   96      96        1             -6.            86.
   97      97        1             -5.            88.
   98      98        1             -5.            90.
   99      99        1             -5.            92.
  100     100        1             -5.            94.
  101     101        1             -5.            96.
  102     102        1             -4.            98.
  103     103        1             -4.           100.
  104     104        1             -4.           101.
  105     105        1             -4.           103.
  106     106        1             -3.           105.
  107     107        1             -3.           107.
  108     108        1             -3.           109.
  109     109        1             -3.           111.
  110     110        1             -2.           113.
  111     111        1             -2.           115.
  112     112        1             -2.           117.
  113     113        1             -1.           119.
  114     114        1             -1.           121.
  115     115        1             -1.           123.
  116     116        1             -1.           125.
  117     117        1             -0.           127.
  118     118        1             -0.           129.
  119     119        1              0.           131.
  120     120        1              0.           133.
  121     121        1              1.           135.
  122     122        1              1.           137.
  123     123        1              1.           139.
  124     124        1              1.           141.
  125     125        1              2.           143.
  126     126        1              2.           145.
  127     127        1              2.           147.
  128     128        1              2.           149.
  129     129        1              3.           151.
  130     130        1              3.           153.
  131     131        1              3.           155.
  132     132        1              3.           157.
  133     133        1              4.           159.
  134     134        1              4.           160.
  135     135        1              4.           162.
  136     136        1              4.           164.
  137     137        1              5.           166.
  138     138        1              5.           168.
  139     139        1              5.           170.
  140     140        1              5.           172.
  141     141        1              6.           174.
  142     142        1              6.           176.
  143     143        1              6.           177.
  144     144        1              6.           179.
  145     145        1              7.           181.
  146     146        1              7.           183.
  147     147        1              7.           184.
  148     148        1              7.           186.
  149     149        1              7.           188.
  150     150        1              8.           190.
  151     151        1              8.           191.
  152     152        1              8.           193.
  153     153        1              8.           195.
  154     154        1              9.           196.
  155     155        1              9.           198.
  156     156        1              9.           200.
  157     157        1              9.           201.
  158     158        1              9.           203.
  159     159        1             10.           204.
  160     160        1             10.           206.
  161     161        1             10.           207.
  162     162        1             10.           209.
  163     163        1             10.           210.
  164     164        1             11.           212.
  165     165        1             11.           213.
  166     166        1             11.           214.
  167     167        1             11.           216.
  168     168        1             11.           217.
  169     169        1             11.           218.
  170     170        1             12.           220.
  171     171        1             12.           221.
  172     172        1             12.           222.
  173     173        1             12.           223.
  174     174        1             12.           225.
  175     175        1             12.           226.
  176     176        1             13.           227.
  177     177        1             13.           228.
  178     178        1             13.           229.
  179     179        1             13.           230.
  180     180        1             13.           231.
  181     181        1             13.           232.
  182     182        1             13.           233.
  183     183        1             13.           234.
  184     184        1             14.           235.
  185     185        1             14.           235.
  186     186        1             14.           236.
  187     187        1             14.           237.
  188     188        1             14.           238.
  189     189        1             14.           239.
  190     190        1             14.           239.
  191     191        1             14.           240.
  192     192        1             14.           240.
  193     193        1             14.           241.
  194     194        1             14.           242.
  195     195        1             15.           242.
  196     196        1             15.           243.
  197     197        1             15.           243.
  198     198        1             15.           244.
  199     199        1             15.           244.
  200     200        1             15.           244.
  201     201        1             15.           245.
  202     202        1             15.           245.
  203     203        1             15.           245.
  204     204        1             15.           245.
  205     205        1             15.           246.
  206     206        1             15.           246.
  207     207        1             15.           246.
  208     208        1             15.           246.
  209     209        1             15.           246.
  210     210        1             15.           246.
  211     211        1             15.           246.
  212     212        1             15.           246.
  213     213        1             15.           246.
  214     214        1             15.           246.
  215     215        1             15.           246.
  216     216        1             15.           245.
  217     217        1             15.           245.
  218     218        1             15.           245.
  219     219        1             15.           245.
  220     220        1             15.           244.
  221     221        1             15.           244.
  222     222        1             15.           244.
  223     223        1             15.           243.
  224     224        1             15.           243.
  225     225        1             15.           242.
  226     226        1             14.           242.
  227     227        1             14.           241.
  228     228        1             14.           240.
  229     229        1             14.           240.
  230     230        1             14.           239.
  231     231        1             14.           239.
  232     232        1             14.           238.
  233     233        1             14.           237.
  234     234        1             14.           236.
  235     235        1             14.           235.
  236     236        1             14.           235.
  237     237        1             13.           234.
  238     238        1             13.           233.
  239     239        1             13.           232.
  240     240        1             13.           231.
  241     241        1             13.           230.
  242     242        1             13.           229.
  243     243        1             13.           228.
  244     244        1             13.           227.
  245     245        1             12.           226.
  246     246        1             12.           225.
  247     247        1             12.           223.
  248     248        1             12.           222.
  249     249        1             12.           221.
  250     250        1             12.           220.
  251     251        1             11.           218.
  252     252        1             11.           217.
  253     253        1             11.           216.
  254     254        1             11.           214.
  255     255        1             11.           213.
  256     256        1             11.           212.
  257     257        1             10.           210.
  258     258        1             10.           209.
  259     259        1             10.           207.
  260     260        1             10.           206.
  261     261        1             10.           204.
  262     262        1              9.           203.
  263     263        1              9.           201.
  264     264        1              9.           200.
  265     265        1              9.           198.
  266     266        1              9.           196.
  267     267        1              8.           195.
  268     268        1              8.           193.
  269     269        1              8.           191.
  270     270        1              8.           190.
  271     271        1              7.           188.
  272     272        1              7.           186.
  273     273        1              7.           184.
  274     274        1              7.           183.
  275     275        1              7.           181.
  276     276        1              6.           179.
  277     277        1              6.           177.
  278     278        1              6.           176.
  279     279        1              6.           174.
  280     280        1              5.           172.
  281     281        1              5.           170.
  282     282        1              5.           168.
  283     283        1              5.           166.
  284     284        1              4.           164.
  285     285        1              4.           162.
  286     286        1              4.           160.
  287     287        1              4.           159.
  288     288        1              3.           157.
  289     289        1              3.           155.
  290     290        1              3.           153.
  291     291        1              3.           151.
  292     292        1              2.           149.
  293     293        1              2.           147.
  294     294        1              2.           145.
  295     295        1              2.           143.
  296     296        1              1.           141.
  297     297        1              1.           139.
  298     298        1              1.           137.
  299     299        1              1.           135.
  300     300        1              0.           133.
  301     301        1              0.           131.
  302     302        1             -0.           129.
  303     303        1             -0.           127.
  304     304        1             -1.           125.
  305     305        1             -1.           123.
  306     306        1             -1.           121.
  307     307        1             -1.           119.
  308     308        1             -2.           117.
  309     309        1             -2.           115.
  310     310        1             -2.           113.
  311     311        1             -3.           111.
  312     312        1             -3.           109.
  313     313        1             -3.           107.
  314     314        1             -3.           105.
  315     315        1             -4.           103.
  316     316        1             -4.           101.
  317     317        1             -4.           100.
  318     318        1             -4.            98.
  319     319        1             -5.            96.
  320     320        1             -5.            94.
  321     321        1             -5.            92.
  322     322        1             -5.            90.
  323     323        1             -5.            88.
  324     324        1             -6.            86.
  325     325        1             -6.            85.
  326     326        1             -6.            83.
  327     327        1             -6.            81.
  328     328        1             -7.            79.
  329     329        1             -7.            77.
  330     330        1             -7.            76.
  331     331        1             -7.            74.
  332     332        1             -8.            72.
  333     333        1             -8.            70.
  334     334        1             -8.            69.
  335     335        1             -8.            67.
  336     336        1             -8.            65.
  337     337        1             -9.            64.
  338     338        1             -9.            62.
  339     339        1             -9.            61.
  340     340        1             -9.            59.
  341     341        1             -9.            57.
  342     342        1            -10.            56.
  343     343        1            -10.            54.
  344     344        1            -10.            53.
  345     345        1            -10.            52.
  346     346        1            -10.            50.
  347     347        1            -11.            49.
  348     348        1            -11.            47.
  349     349        1            -11.            46.
  350     350        1            -11.            45.
  351     351        1            -11.            43.
  352     352        1            -11.            42.
  353     353        1            -12.            41.
  354     354        1            -12.            39.
  355     355        1            -12.            38.
  356     356        1            -12.            37.
  357     357        1            -12.            36.
  358     358        1            -12.            35.
  359     359        1            -13.            34.
  360     360        1            -13.            33.
  361     361        1            -13.            32.
  362     362        1            -13.            31.
  363     363        1            -13.            30.
  364     364        1            -13.            29.
  365     365        1            -13.            28.
  366       1        2            -13.            27.
  367       2        2            -14.            26.
  368       3        2            -14.            25.
  369       4        2            -14.            24.
  370       5        2            -14.            24.
  371       6        2            -14.            23.
  372       7        2            -14.            22.
  373       8        2            -14.            21.
  374       9        2            -14.            21.
  375      10        2            -14.            20.
  376      11        2            -14.            20.
  377      12        2            -14.            19.
  378      13        2            -15.            19.
  379      14        2            -15.            18.
  380      15        2            -15.            18.
  381      16        2            -15.            17.
  382      17        2            -15.            17.
  383      18        2            -15.            17.
  384      19        2            -15.            16.
  385      20        2            -15.            16.
  386      21        2            -15.            16.
  387      22        2            -15.            16.
  388      23        2            -15.            15.
  389      24        2            -15.            15.
  390      25        2            -15.            15.
  391      26        2            -15.            15.
  392      27        2            -15.            15.
  393      28        2            -15.            15.
  394      29        2            -15.            15.
  395      30        2            -15.            15.
  396      31        2            -15.            15.
  397      32        2            -15.            15.
  398      33        2            -15.            16.
  399      34        2            -15.            16.
  400      35        2            -15.            16.
  401      36        2            -15.            16.
  402      37        2            -15.            17.
  403      38        2            -15.            17.
  404      39        2            -15.            17.
  405      40        2            -15.            18.
  406      41        2            -15.            18.
  407      42        2            -15.            19.
  408      43        2            -14.            19.
  409      44        2            -14.            20.
  410      45        2            -14.            20.
  411      46        2            -14.            21.
  412      47        2            -14.            21.
  413      48        2            -14.            22.
  414      49        2            -14.            23.
  415      50        2            -14.            24.
  416      51        2            -14.            24.
  417      52        2            -14.            25.
  418      53        2            -14.            26.
  419      54        2            -13.            27.
  420      55        2            -13.            28.
  421      56        2            -13.            29.
  422      57        2            -13.            30.
  423      58        2            -13.            31.
  424      59        2            -13.            32.
  425      60        2            -13.            33.
  426      61        2            -13.            34.
  427      62        2            -12.            35.
  428      63        2            -12.            36.
  429      64        2            -12.            37.
  430      65        2            -12.            38.
  431      66        2            -12.            39.
  432      67        2            -12.            41.
  433      68        2            -11.            42.
  434      69        2            -11.            43.
  435      70        2            -11.            45.
  436      71        2            -11.            46.
  437      72        2            -11.            47.
  438      73        2            -11.            49.
  439      74        2            -10.            50.
  440      75        2            -10.            52.
  441      76        2            -10.            53.
  442      77        2            -10.            54.
  443      78        2            -10.            56.
  444      79        2             -9.            57.
  445      80        2             -9.            59.
  446      81        2             -9.            61.
  447      82        2             -9.            62.
  448      83        2             -9.            64.
  449      84        2             -8.            65.
  450      85        2             -8.            67.
  451      86        2             -8.            69.
  452      87        2             -8.            70.
  453      88        2             -8.            72.
  454      89        2             -7.            74.
  455      90        2             -7.            76.
  456      91        2             -7.            77.
  457      92        2             -7.            79.
  458      93        2             -6.            81.
  459      94        2             -6.            83.
  460      95        2             -6.            85.
  461      96        2             -6.            86.
  462      97        2             -5.            88.
  463      98        2             -5.            90.
  464      99        2             -5.            92.
  465     100        2             -5.            94.
  466     101        2             -5.            96.
  467     102        2             -4.            98.
  468     103        2             -4.           100.
  469     104        2             -4.           101.
  470     105        2             -4.           103.
  471     106        2             -3.           105.
  472     107        2             -3.           107.
  473     108        2             -3.           109.
  474     109        2             -3.           111.
  475     110        2             -2.           113.
  476     111        2             -2.           115.
  477     112        2             -2.           117.
  478     113        2             -1.           119.
  479     114        2             -1.           121.
  480     115        2             -1.           123.
  481     116        2             -1.           125.
  482     117        2             -0.           127.
  483     118        2             -0.           129.
  484     119        2              0.           131.
  485     120        2              0.           133.
  486     121        2              1.           135.
  487     122        2              1.           137.
  488     123        2              1.           139.
  489     124        2              1.           141.
  490     125        2              2.           143.
  491     126        2              2.           145.
  492     127        2              2.           147.
  493     128        2              2.           149.
  494     129        2              3.           151.
  495     130        2              3.           153.
  496     131        2              3.           155.
  497     132        2              3.           157.
  498     133        2              4.           159.
  499     134        2              4.           160.
  500     135        2              4.           162.
  501     136        2              4.           164.
  502     137        2              5.           166.
  503     138        2              5.           168.
  504     139        2              5.           170.
  505     140        2              5.           172.
  506     141        2              6.           174.
  507     142        2              6.           176.
  508     143        2              6.           177.
  509     144        2              6.           179.
  510     145        2              7.           181.
  511     146        2              7.           183.
  512     147        2              7.           184.
  513     148        2              7.           186.
  514     149        2              7.           188.
  515     150        2              8.           190.
  516     151        2              8.           191.
  517     152        2              8.           193.
  518     153        2              8.           195.
  519     154        2              9.           196.
  520     155        2              9.           198.
  521     156        2              9.           200.
  522     157        2              9.           201.
  523     158        2              9.           203.
  524     159        2             10.           204.
  525     160        2             10.           206.
  526     161        2             10.           207.
  527     162        2             10.           209.
  528     163        2             10.           210.
  529     164        2             11.           212.
  530     165        2             11.           213.
  531     166        2             11.           214.
  532     167        2             11.           216.
  533     168        2             11.           217.
  534     169        2             11.           218.
  535     170        2             12.           220.
  536     171        2             12.           221.
  537     172        2             12.           222.
  538     173        2             12.           223.
  539     174        2             12.           225.
  540     175        2             12.           226.
  541     176        2             13.           227.
  542     177        2             13.           228.
  543     178        2             13.           229.
  544     179        2             13.           230.
  545     180        2             13.           231.
  546     181        2             13.           232.
  547     182        2             13.           233.
  548     183        2             13.           234.
  549     184        2             14.           235.
  550     185        2             14.           235.
  551     186        2             14.           236.
  552     187        2             14.           237.
  553     188        2             14.           238.
  554     189        2             14.           239.
  555     190        2             14.           239.
  556     191        2             14.           240.
  557     192        2             14.           240.
  558     193        2             14.           241.
  559     194        2             14.           242.
  560     195        2             15.           242.
  561     196        2             15.           243.
  562     197        2             15.           243.
  563     198        2             15.           244.
  564     199        2             15.           244.
  565     200        2             15.           244.
  566     201        2             15.           245.
  567     202        2             15.           245.
  568     203        2             15.           245.
  569     204        2             15.           245.
  570     205        2             15.           246.
  571     206        2             15.           246.
  572     207        2             15.           246.
  573     208        2             15.           246.
  574     209        2             15.           246.
  575     210        2             15.           246.
  576     211        2             15.           246.
  577     212        2             15.           246.
  578     213        2             15.           246.
  579     214        2             15.           246.
  580     215        2             15.           246.
  581     216        2             15.           245.
  582     217        2             15.           245.
  583     218        2             15.           245.
  584     219        2             15.           245.
  585     220        2             15.           244.
  586     221        2             15.           244.
  587     222        2             15.           244.
  588     223        2             15.           243.
  589     224        2             15.           243.
  590     225        2             15.           242.
  591     226        2             14.           242.
  592     227        2             14.           241.
  593     228        2             14.           240.
  594     229        2             14.           240.
  595     230        2             14.           239.
  596     231        2             14.           239.
  597     232        2             14.           238.
  598     233        2             14.           237.
  599     234        2             14.           236.
  600     235        2             14.           235.
  601     236        2             14.           235.
  602     237        2             13.           234.
  603     238        2             13.           233.
  604     239        2             13.           232.
  605     240        2             13.           231.
  606     241        2             13.           230.
  607     242        2             13.           229.
  608     243        2             13.           228.
  609     244        2             13.           227.
  610     245        2             12.           226.
  611     246        2             12.           225.
  612     247        2             12.           223.
  613     248        2             12.           222.
  614     249        2             12.           221.
  615     250        2             12.           220.
  616     251        2             11.           218.
  617     252        2             11.           217.
  618     253        2             11.           216.
  619     254        2             11.           214.
  620     255        2             11.           213.
  621     256        2             11.           212.
  622     257        2             10.           210.
  623     258        2             10.           209.
  624     259        2             10.           207.
  625     260        2             10.           206.
  626     261        2             10.           204.
  627     262        2              9.           203.
  628     263        2              9.           201.
  629     264        2              9.           200.
  630     265        2              9.           198.
  631     266        2              9.           196.
  632     267        2              8.           195.
  633     268        2              8.           193.
  634     269        2              8.           191.
  635     270        2              8.           190.
  636     271        2              7.           188.
  637     272        2              7.           186.
  638     273        2              7.           184.
  639     274        2              7.           183.
  640     275        2              7.           181.
  641     276        2              6.           179.
  642     277        2              6.           177.
  643     278        2              6.           176.
  644     279        2              6.           174.
  645     280        2              5.           172.
  646     281        2              5.           170.
  647     282        2              5.           168.
  648     283        2              5.           166.
  649     284        2              4.           164.
  650     285        2              4.           162.
  651     286        2              4.           160.
  652     287        2              4.           159.
  653     288        2              3.           157.
  654     289        2              3.           155.
  655     290        2              3.           153.
  656     291        2              3.           151.
  657     292        2              2.           149.
  658     293        2              2.           147.
  659     294        2              2.           145.
  660     295        2              2.           143.
  661     296        2              1.           141.
  662     297        2              1.           139.
  663     298        2              1.           137.
  664     299        2              1.           135.
  665     300        2              0.           133.
  666     301        2              0.           131.
  667     302        2             -0.           129.
  668     303        2             -0.           127.
  669     304        2             -1.           125.
  670     305        2             -1.           123.
  671     306        2             -1.           121.
  672     307        2             -1.           119.
  673     308        2             -2.           117.
  674     309        2             -2.           115.
  675     310        2             -2.           113.
  676     311        2             -3.           111.
  677     312        2             -3.           109.
  678     313        2             -3.           107.
  679     314        2             -3.           105.
  680     315        2             -4.           103.
  681     316        2             -4.           101.
  682     317        2             -4.           100.
  683     318        2             -4.            98.
  684     319        2             -5.            96.
  685     320        2             -5.            94.
  686     321        2             -5.            92.
  687     322        2             -5.            90.
  688     323        2             -5.            88.
  689     324        2             -6.            86.
  690     325        2             -6.            85.
  691     326        2             -6.            83.
  692     327        2             -6.            81.
  693     328        2             -7.            79.
  694     329        2             -7.            77.
  695     330        2             -7.            76.
  696     331        2             -7.            74.
  697     332        2             -8.            72.
  698     333        2             -8.            70.
  699     334        2             -8.            69.
  700     335        2             -8.            67.
  701     336        2             -8.            65.
  702     337        2             -9.            64.
  703     338        2             -9.            62.
  704     339        2             -9.            61.
  705     340        2             -9.            59.
  706     341        2             -9.            57.
  707     342        2            -10.            56.
  708     343        2            -10.            54.
  709     344        2            -10.            53.
  710     345        2            -10.            52.
  711     346        2            -10.            50.
  712     347        2            -11.            49.
  713     348        2            -11.            47.
  714     349        2            -11.            46.
  715     350        2            -11.            45.
  716     351        2            -11.            43.
  717     352        2            -11.            42.
  718     353        2            -12.            41.
  719     354        2            -12.            39.
  720     355        2            -12.            38.
  721     356        2            -12.            37.
  722     357        2            -12.            36.
  723     358        2            -12.            35.
  724     359        2            -13.            34.
  725     360        2            -13.            33.
  726     361        2            -13.            32.
  727     362        2            -13.            31.
  728     363        2            -13.            30.
  729     364        2            -13.            29.
  730     365        2            -13.            28.
  731       1        3            -13.            27.
  732       2        3            -14.            26.
  733       3        3            -14.            25.
  734       4        3            -14.            24.
  735       5        3            -14.            24.
  736       6        3            -14.            23.
  737       7        3            -14.            22.
  738       8        3            -14.            21.
  739       9        3            -14.            21.
  740      10        3            -14.            20.
  741      11        3            -14.            20.
  742      12        3            -14.            19.
  743      13        3            -15.            19.
  744      14        3            -15.            18.
  745      15        3            -15.            18.
  746      16        3            -15.            17.
  747      17        3            -15.            17.
  748      18        3            -15.            17.
  749      19        3            -15.            16.
  750      20        3            -15.            16.
  751      21        3            -15.            16.
  752      22        3            -15.            16.
  753      23        3            -15.            15.
  754      24        3            -15.            15.
  755      25        3            -15.            15.
  756      26        3            -15.            15.
  757      27        3            -15.            15.
  758      28        3            -15.            15.
  759      29        3            -15.            15.
  760      30        3            -15.            15.
  761      31        3            -15.            15.
  762      32        3            -15.            15.
  763      33        3            -15.            16.
  764      34        3            -15.            16.
  765      35        3            -15.            16.
  766      36        3            -15.            16.
  767      37        3            -15.            17.
  768      38        3            -15.            17.
  769      39        3            -15.            17.
  770      40        3            -15.            18.
  771      41        3            -15.            18.
  772      42        3            -15.            19.
  773      43        3            -14.            19.
  774      44        3            -14.            20.
  775      45        3            -14.            20.
  776      46        3            -14.            21.
  777      47        3            -14.            21.
  778      48        3            -14.            22.
  779      49        3            -14.            23.
  780      50        3            -14.            24.
  781      51        3            -14.            24.
  782      52        3            -14.            25.
  783      53        3            -14.            26.
  784      54        3            -13.            27.
  785      55        3            -13.            28.
  786      56        3            -13.            29.
  787      57        3            -13.            30.
  788      58        3            -13.            31.
  789      59        3            -13.            32.
  790      60        3            -13.            33.
  791      61        3            -13.            34.
  792      62        3            -12.            35.
  793      63        3            -12.            36.
  794      64        3            -12.            37.
  795      65        3            -12.            38.
  796      66        3            -12.            39.
  797      67        3            -12.            41.
  798      68        3            -11.            42.
  799      69        3            -11.            43.
  800      70        3            -11.            45.
  801      71        3            -11.            46.
  802      72        3            -11.            47.
  803      73        3            -11.            49.
  804      74        3            -10.            50.
  805      75        3            -10.            52.
  806      76        3            -10.            53.
  807      77        3            -10.            54.
  808      78        3            -10.            56.
  809      79        3             -9.            57.
  810      80        3             -9.            59.
  811      81        3             -9.            61.
  812      82        3             -9.            62.
  813      83        3             -9.            64.
  814      84        3             -8.            65.
  815      85        3             -8.            67.
  816      86        3             -8.            69.
  817      87        3             -8.            70.
  818      88        3             -8.            72.
  819      89        3             -7.            74.
  820      90        3             -7.            76.
  821      91        3             -7.            77.
  822      92        3             -7.            79.
  823      93        3             -6.            81.
  824      94        3             -6.            83.
  825      95        3             -6.            85.
  826      96        3             -6.            86.
  827      97        3             -5.            88.
  828      98        3             -5.            90.
  829      99        3             -5.            92.
  830     100        3             -5.            94.
  831     101        3             -5.            96.
  832     102        3             -4.            98.
  833     103        3             -4.           100.
  834     104        3             -4.           101.
  835     105        3             -4.           103.
  836     106        3             -3.           105.
  837     107        3             -3.           107.
  838     108        3             -3.           109.
  839     109        3             -3.           111.
  840     110        3             -2.           113.
  841     111        3             -2.           115.
  842     112        3             -2.           117.
  843     113        3             -1.           119.
  844     114        3             -1.           121.
  845     115        3             -1.           123.
  846     116        3             -1.           125.
  847     117        3             -0.           127.
  848     118        3             -0.           129.
  849     119        3              0.           131.
  850     120        3              0.           133.
  851     121        3              1.           135.
  852     122        3              1.           137.
  853     123        3              1.           139.
  854     124        3              1.           141.
  855     125        3              2.           143.
  856     126        3              2.           145.
  857     127        3              2.           147.
  858     128        3              2.           149.
  859     129        3              3.           151.
  860     130        3              3.           153.
  861     131        3              3.           155.
  862     132        3              3.           157.
  863     133        3              4.           159.
  864     134        3              4.           160.
  865     135        3              4.           162.
  866     136        3              4.           164.
  867     137        3              5.           166.
  868     138        3              5.           168.
  869     139        3              5.           170.
  870     140        3              5.           172.
  871     141        3              6.           174.
  872     142        3              6.           176.
  873     143        3              6.           177.
  874     144        3              6.           179.
  875     145        3              7.           181.
  876     146        3              7.           183.
  877     147        3              7.           184.
  878     148        3              7.           186.
  879     149        3              7.           188.
  880     150        3              8.           190.
  881     151        3              8.           191.
  882     152        3              8.           193.
  883     153        3              8.           195.
  884     154        3              9.           196.
  885     155        3              9.           198.
  886     156        3              9.           200.
  887     157        3              9.           201.
  888     158        3              9.           203.
  889     159        3             10.           204.
  890     160        3             10.           206.
  891     161        3             10.           207.
  892     162        3             10.           209.
  893     163        3             10.           210.
  894     164        3             11.           212.
  895     165        3             11.           213.
  896     166        3             11.           214.
  897     167        3             11.           216.
  898     168        3             11.           217.
  899     169        3             11.           218.
  900     170        3             12.           220.
  901     171        3             12.           221.
  902     172        3             12.           222.
  903     173        3             12.           223.
  904     174        3             12.           225.
  905     175        3             12.           226.
  906     176        3             13.           227.
  907     177        3             13.           228.
  908     178        3             13.           229.
  909     179        3             13.           230.
  910     180        3             13.           231.
  911     181        3             13.           232.
  912     182        3             13.           233.
  913     183        3             13.           234.
  914     184        3             14.           235.
  915     185        3             14.           235.
  916     186        3             14.           236.
  917     187        3             14.           237.
  918     188        3             14.           238.
  919     189        3             14.           239.
  920     190        3             14.           239.
  921     191        3             14.           240.
  922     192        3             14.           240.
  923     193        3             14.           241.
  924     194        3             14.           242.
  925     195        3             15.           242.
  926     196        3             15.           243.
  927     197        3             15.           243.
  928     198        3             15.           244.
  929     199        3             15.           244.
  930     200        3             15.           244.
  931     201        3             15.           245.
  932     202        3             15.           245.
  933     203        3             15.           245.
  934     204        3             15.           245.
  935     205        3             15.           246.
  936     206        3             15.           246.
  937     207        3             15.           246.
  938     208        3             15.           246.
  939     209        3             15.           246.
  940     210        3             15.           246.
  941     211        3             15.           246.
  942     212        3             15.           246.
  943     213        3             15.           246.
  944     214        3             15.           246.
  945     215        3             15.           246.
  946     216        3             15.           245.
  947     217        3             15.           245.
  948     218        3             15.           245.
  949     219        3             15.           245.
  950     220        3             15.           244.
  951     221        3             15.           244.
  952     222        3             15.           244.
  953     223        3             15.           243.
  954     224        3             15.           243.
  955     225        3             15.           242.
  956     226        3             14.           242.
  957     227        3             14.           241.
  958     228        3             14.           240.
  959     229        3             14.           240.
  960     230        3             14.           239.
  961     231        3             14.           239.
  962     232        3             14.           238.
  963     233        3             14.           237.
  964     234        3             14.           236.
  965     235        3             14.           235.
  966     236        3             14.           235.
  967     237        3             13.           234.
  968     238        3             13.           233.
  969     239        3             13.           232.
  970     240        3             13.           231.
  971     241        3             13.           230.
  972     242        3             13.           229.
  973     243        3             13.           228.
  974     244        3             13.           227.
  975     245        3             12.           226.
  976     246        3             12.           225.
  977     247        3             12.           223.
  978     248        3             12.           222.
  979     249        3             12.           221.
  980     250        3             12.           220.
  981     251        3             11.           218.
  982     252        3             11.           217.
  983     253        3             11.           216.
  984     254        3             11.           214.
  985     255        3             11.           213.
  986     256        3             11.           212.
  987     257        3             10.           210.
  988     258        3             10.           209.
  989     259        3             10.           207.
  990     260        3             10.           206.
  991     261        3             10.           204.
  992     262        3              9.           203.
  993     263        3              9.           201.
  994     264        3              9.           200.
  995     265        3              9.           198.
  996     266        3              9.           196.
  997     267        3              8.           195.
  998     268        3              8.           193.
  999     269        3              8.           191.
 1000     270        3              8.           190.
 1001     271        3              7.           188.
 1002     272        3              7.           186.
 1003     273        3              7.           184.
 1004     274        3              7.           183.
 1005     275        3              7.           181.
 1006     276        3              6.           179.
 1007     277        3              6.           177.
 1008     278        3              6.           176.
 1009     279        3              6.           174.
 1010     280        3              5.           172.
 1011     281        3              5.           170.
 1012     282        3              5.           168.
 1013     283        3              5.           166.
 1014     284        3              4.           164.
 1015     285        3              4.           162.
 1016     286        3              4.           160.
 1017     287        3              4.           159.
 1018     288        3              3.           157.
 1019     289        3              3.           155.
 1020     290        3              3.           153.
 1021     291        3              3.           151.
 1022     292        3              2.           149.
 1023     293        3              2.           147.
 1024     294        3              2.           145.
 1025     295        3              2.           143.
 1026     296        3              1.           141.
 1027     297        3              1.           139.
 1028     298        3              1.           137.
 1029     299        3              1.           135.
 1030     300        3              0.           133.
 1031     301        3              0.           131.
 1032     302        3             -0.           129.
 1033     303        3             -0.           127.
 1034     304        3             -1.           125.
 1035     305        3             -1.           123.
 1036     306        3             -1.           121.
 1037     307        3             -1.           119.
 1038     308        3             -2.           117.
 1039     309        3             -2.           115.
 1040     310        3             -2.           113.
 1041     311        3             -3.           111.
 1042     312        3             -3.           109.
 1043     313        3             -3.           107.
 1044     314        3             -3.           105.
 1045     315        3             -4.           103.
 1046     316        3             -4.           101.
 1047     317        3             -4.           100.
 1048     318        3             -4.            98.
 1049     319        3             -5.            96.
 1050     320        3             -5.            94.
 1051     321        3             -5.            92.
 1052     322        3             -5.            90.
 1053     323        3             -5.            88.
 1054     324        3             -6.            86.
 1055     325        3             -6.            85.
 1056     326        3             -6.            83.
 1057     327        3             -6.            81.
 1058     328        3             -7.            79.
 1059     329        3             -7.            77.
 1060     330        3             -7.            76.
 1061     331        3             -7.            74.
 1062     332        3             -8.            72.
 1063     333        3             -8.            70.
 1064     334        3             -8.            69.
 1065     335        3             -8.            67.
 1066     336        3             -8.            65.
 1067     337        3             -9.            64.
 1068     338        3             -9.            62.
 1069     339        3             -9.            61.
 1070     340        3             -9.            59.
 1071     341        3             -9.            57.
 1072     342        3            -10.            56.
 1073     343        3            -10.            54.
 1074     344        3            -10.            53.
 1075     345        3            -10.            52.
 1076     346        3            -10.            50.
 1077     347        3            -11.            49.
 1078     348        3            -11.            47.
 1079     349        3            -11.            46.
 1080     350        3            -11.            45.
 1081     351        3            -11.            43.
 1082     352        3            -11.            42.
 1083     353        3            -12.            41.
 1084     354        3            -12.            39.
 1085     355        3            -12.            38.
 1086     356        3            -12.            37.
 1087     357        3            -12.            36.
 1088     358        3            -12.            35.
 1089     359        3            -13.            34.
 1090     360        3            -13.            33.
 1091     361        3            -13.            32.
 1092     362        3            -13.            31.
 1093     363        3            -13.            30.
 1094     364        3            -13.            29.
 1095     365        3            -13.            28.
