 Day of  Day of Year Air   Radiation
 sim.     year        T
    1       1        1             -4.            27.
    2       2        1             -4.            26.
    3       3        1             -4.            25.
    4       4        1             -4.            24.
    5       5        1             -4.            24.
    6       6        1             -4.            23.
    7       7        1             -4.            22.
    8       8        1             -4.            21.
    9       9        1             -4.            21.
   10      10        1             -4.            20.
   11      11        1             -4.            20.
   12      12        1             -5.            19.
   13      13        1             -5.            19.
   14      14        1             -5.            18.
   15      15        1             -5.            18.
   16      16        1             -5.            17.
   17      17        1             -5.            17.
   18      18        1             -5.            17.
   19      19        1             -5.            16.
   20      20        1             -5.            16.
   21      21        1             -5.            16.
   22      22        1             -5.            16.
   23      23        1             -5.            15.
   24      24        1             -5.            15.
   25      25        1             -5.            15.
   26      26        1             -5.            15.
   27      27        1             -5.            15.
   28      28        1             -5.            15.
   29      29        1             -5.            15.
   30      30        1             -5.            15.
   31      31        1             -5.            15.
   32      32        1             -5.            15.
   33      33        1             -5.            16.
   34      34        1             -5.            16.
   35      35        1             -5.            16.
   36      36        1             -5.            16.
   37      37        1             -5.            17.
   38      38        1             -5.            17.
   39      39        1             -5.            17.
   40      40        1             -5.            18.
   41      41        1             -5.            18.
   42      42        1             -5.            19.
   43      43        1             -5.            19.
   44      44        1             -4.            20.
   45      45        1             -4.            20.
   46      46        1             -4.            21.
   47      47        1             -4.            21.
   48      48        1             -4.            22.
   49      49        1             -4.            23.
   50      50        1             -4.            24.
   51      51        1             -4.            24.
   52      52        1             -4.            25.
   53      53        1             -4.            26.
   54      54        1             -4.            27.
   55      55        1             -4.            28.
   56      56        1             -4.            29.
   57      57        1             -3.            30.
   58      58        1             -3.            31.
   59      59        1             -3.            32.
   60      60        1             -3.            33.
   61      61        1             -3.            34.
   62      62        1             -3.            35.
   63      63        1             -3.            36.
   64      64        1             -3.            37.
   65      65        1             -2.            38.
   66      66        1             -2.            39.
   67      67        1             -2.            41.
   68      68        1             -2.            42.
   69      69        1             -2.            43.
   70      70        1             -2.            45.
   71      71        1             -2.            46.
   72      72        1             -2.            47.
   73      73        1             -1.            49.
   74      74        1             -1.            50.
   75      75        1             -1.            52.
   76      76        1             -1.            53.
   77      77        1             -1.            54.
   78      78        1             -1.            56.
   79      79        1             -0.            57.
   80      80        1             -0.            59.
   81      81        1             -0.            61.
   82      82        1              0.            62.
   83      83        1              0.            64.
   84      84        1              0.            65.
   85      85        1              1.            67.
   86      86        1              1.            69.
   87      87        1              1.            70.
   88      88        1              1.            72.
   89      89        1              1.            74.
   90      90        1              2.            76.
   91      91        1              2.            77.
   92      92        1              2.            79.
   93      93        1              2.            81.
   94      94        1              2.            83.
   95      95        1              3.            85.
   96      96        1              3.            86.
   97      97        1              3.            88.
   98      98        1              3.            90.
   99      99        1              3.            92.
  100     100        1              4.            94.
  101     101        1              4.            96.
  102     102        1              4.            98.
  103     103        1              4.           100.
  104     104        1              4.           101.
  105     105        1              5.           103.
  106     106        1              5.           105.
  107     107        1              5.           107.
  108     108        1              5.           109.
  109     109        1              5.           111.
  110     110        1              6.           113.
  111     111        1              6.           115.
  112     112        1              6.           117.
  113     113        1              6.           119.
  114     114        1              6.           121.
  115     115        1              7.           123.
  116     116        1              7.           125.
  117     117        1              7.           127.
  118     118        1              7.           129.
  119     119        1              8.           131.
  120     120        1              8.           133.
  121     121        1              8.           135.
  122     122        1              8.           137.
  123     123        1              8.           139.
  124     124        1              9.           141.
  125     125        1              9.           143.
  126     126        1              9.           145.
  127     127        1              9.           147.
  128     128        1              9.           149.
  129     129        1             10.           151.
  130     130        1             10.           153.
  131     131        1             10.           155.
  132     132        1             10.           157.
  133     133        1             11.           159.
  134     134        1             11.           160.
  135     135        1             11.           162.
  136     136        1             11.           164.
  137     137        1             11.           166.
  138     138        1             12.           168.
  139     139        1             12.           170.
  140     140        1             12.           172.
  141     141        1             12.           174.
  142     142        1             12.           176.
  143     143        1             13.           177.
  144     144        1             13.           179.
  145     145        1             13.           181.
  146     146        1             13.           183.
  147     147        1             13.           184.
  148     148        1             14.           186.
  149     149        1             14.           188.
  150     150        1             14.           190.
  151     151        1             14.           191.
  152     152        1             14.           193.
  153     153        1             14.           195.
  154     154        1             15.           196.
  155     155        1             15.           198.
  156     156        1             15.           200.
  157     157        1             15.           201.
  158     158        1             15.           203.
  159     159        1             15.           204.
  160     160        1             16.           206.
  161     161        1             16.           207.
  162     162        1             16.           209.
  163     163        1             16.           210.
  164     164        1             16.           212.
  165     165        1             16.           213.
  166     166        1             17.           214.
  167     167        1             17.           216.
  168     168        1             17.           217.
  169     169        1             17.           218.
  170     170        1             17.           220.
  171     171        1             17.           221.
  172     172        1             17.           222.
  173     173        1             18.           223.
  174     174        1             18.           225.
  175     175        1             18.           226.
  176     176        1             18.           227.
  177     177        1             18.           228.
  178     178        1             18.           229.
  179     179        1             18.           230.
  180     180        1             18.           231.
  181     181        1             18.           232.
  182     182        1             19.           233.
  183     183        1             19.           234.
  184     184        1             19.           235.
  185     185        1             19.           235.
  186     186        1             19.           236.
  187     187        1             19.           237.
  188     188        1             19.           238.
  189     189        1             19.           239.
  190     190        1             19.           239.
  191     191        1             19.           240.
  192     192        1             19.           240.
  193     193        1             19.           241.
  194     194        1             20.           242.
  195     195        1             20.           242.
  196     196        1             20.           243.
  197     197        1             20.           243.
  198     198        1             20.           244.
  199     199        1             20.           244.
  200     200        1             20.           244.
  201     201        1             20.           245.
  202     202        1             20.           245.
  203     203        1             20.           245.
  204     204        1             20.           245.
  205     205        1             20.           246.
  206     206        1             20.           246.
  207     207        1             20.           246.
  208     208        1             20.           246.
  209     209        1             20.           246.
  210     210        1             20.           246.
  211     211        1             20.           246.
  212     212        1             20.           246.
  213     213        1             20.           246.
  214     214        1             20.           246.
  215     215        1             20.           246.
  216     216        1             20.           245.
  217     217        1             20.           245.
  218     218        1             20.           245.
  219     219        1             20.           245.
  220     220        1             20.           244.
  221     221        1             20.           244.
  222     222        1             20.           244.
  223     223        1             20.           243.
  224     224        1             20.           243.
  225     225        1             20.           242.
  226     226        1             20.           242.
  227     227        1             19.           241.
  228     228        1             19.           240.
  229     229        1             19.           240.
  230     230        1             19.           239.
  231     231        1             19.           239.
  232     232        1             19.           238.
  233     233        1             19.           237.
  234     234        1             19.           236.
  235     235        1             19.           235.
  236     236        1             19.           235.
  237     237        1             19.           234.
  238     238        1             19.           233.
  239     239        1             18.           232.
  240     240        1             18.           231.
  241     241        1             18.           230.
  242     242        1             18.           229.
  243     243        1             18.           228.
  244     244        1             18.           227.
  245     245        1             18.           226.
  246     246        1             18.           225.
  247     247        1             18.           223.
  248     248        1             17.           222.
  249     249        1             17.           221.
  250     250        1             17.           220.
  251     251        1             17.           218.
  252     252        1             17.           217.
  253     253        1             17.           216.
  254     254        1             17.           214.
  255     255        1             16.           213.
  256     256        1             16.           212.
  257     257        1             16.           210.
  258     258        1             16.           209.
  259     259        1             16.           207.
  260     260        1             16.           206.
  261     261        1             15.           204.
  262     262        1             15.           203.
  263     263        1             15.           201.
  264     264        1             15.           200.
  265     265        1             15.           198.
  266     266        1             15.           196.
  267     267        1             14.           195.
  268     268        1             14.           193.
  269     269        1             14.           191.
  270     270        1             14.           190.
  271     271        1             14.           188.
  272     272        1             14.           186.
  273     273        1             13.           184.
  274     274        1             13.           183.
  275     275        1             13.           181.
  276     276        1             13.           179.
  277     277        1             13.           177.
  278     278        1             12.           176.
  279     279        1             12.           174.
  280     280        1             12.           172.
  281     281        1             12.           170.
  282     282        1             12.           168.
  283     283        1             11.           166.
  284     284        1             11.           164.
  285     285        1             11.           162.
  286     286        1             11.           160.
  287     287        1             11.           159.
  288     288        1             10.           157.
  289     289        1             10.           155.
  290     290        1             10.           153.
  291     291        1             10.           151.
  292     292        1              9.           149.
  293     293        1              9.           147.
  294     294        1              9.           145.
  295     295        1              9.           143.
  296     296        1              9.           141.
  297     297        1              8.           139.
  298     298        1              8.           137.
  299     299        1              8.           135.
  300     300        1              8.           133.
  301     301        1              8.           131.
  302     302        1              7.           129.
  303     303        1              7.           127.
  304     304        1              7.           125.
  305     305        1              7.           123.
  306     306        1              6.           121.
  307     307        1              6.           119.
  308     308        1              6.           117.
  309     309        1              6.           115.
  310     310        1              6.           113.
  311     311        1              5.           111.
  312     312        1              5.           109.
  313     313        1              5.           107.
  314     314        1              5.           105.
  315     315        1              5.           103.
  316     316        1              4.           101.
  317     317        1              4.           100.
  318     318        1              4.            98.
  319     319        1              4.            96.
  320     320        1              4.            94.
  321     321        1              3.            92.
  322     322        1              3.            90.
  323     323        1              3.            88.
  324     324        1              3.            86.
  325     325        1              3.            85.
  326     326        1              2.            83.
  327     327        1              2.            81.
  328     328        1              2.            79.
  329     329        1              2.            77.
  330     330        1              2.            76.
  331     331        1              1.            74.
  332     332        1              1.            72.
  333     333        1              1.            70.
  334     334        1              1.            69.
  335     335        1              1.            67.
  336     336        1              0.            65.
  337     337        1              0.            64.
  338     338        1              0.            62.
  339     339        1             -0.            61.
  340     340        1             -0.            59.
  341     341        1             -0.            57.
  342     342        1             -1.            56.
  343     343        1             -1.            54.
  344     344        1             -1.            53.
  345     345        1             -1.            52.
  346     346        1             -1.            50.
  347     347        1             -1.            49.
  348     348        1             -2.            47.
  349     349        1             -2.            46.
  350     350        1             -2.            45.
  351     351        1             -2.            43.
  352     352        1             -2.            42.
  353     353        1             -2.            41.
  354     354        1             -2.            39.
  355     355        1             -2.            38.
  356     356        1             -3.            37.
  357     357        1             -3.            36.
  358     358        1             -3.            35.
  359     359        1             -3.            34.
  360     360        1             -3.            33.
  361     361        1             -3.            32.
  362     362        1             -3.            31.
  363     363        1             -3.            30.
  364     364        1             -4.            29.
  365     365        1             -4.            28.
  366       1        2             -4.            27.
  367       2        2             -4.            26.
  368       3        2             -4.            25.
  369       4        2             -4.            24.
  370       5        2             -4.            24.
  371       6        2             -4.            23.
  372       7        2             -4.            22.
  373       8        2             -4.            21.
  374       9        2             -4.            21.
  375      10        2             -4.            20.
  376      11        2             -4.            20.
  377      12        2             -5.            19.
  378      13        2             -5.            19.
  379      14        2             -5.            18.
  380      15        2             -5.            18.
  381      16        2             -5.            17.
  382      17        2             -5.            17.
  383      18        2             -5.            17.
  384      19        2             -5.            16.
  385      20        2             -5.            16.
  386      21        2             -5.            16.
  387      22        2             -5.            16.
  388      23        2             -5.            15.
  389      24        2             -5.            15.
  390      25        2             -5.            15.
  391      26        2             -5.            15.
  392      27        2             -5.            15.
  393      28        2             -5.            15.
  394      29        2             -5.            15.
  395      30        2             -5.            15.
  396      31        2             -5.            15.
  397      32        2             -5.            15.
  398      33        2             -5.            16.
  399      34        2             -5.            16.
  400      35        2             -5.            16.
  401      36        2             -5.            16.
  402      37        2             -5.            17.
  403      38        2             -5.            17.
  404      39        2             -5.            17.
  405      40        2             -5.            18.
  406      41        2             -5.            18.
  407      42        2             -5.            19.
  408      43        2             -5.            19.
  409      44        2             -4.            20.
  410      45        2             -4.            20.
  411      46        2             -4.            21.
  412      47        2             -4.            21.
  413      48        2             -4.            22.
  414      49        2             -4.            23.
  415      50        2             -4.            24.
  416      51        2             -4.            24.
  417      52        2             -4.            25.
  418      53        2             -4.            26.
  419      54        2             -4.            27.
  420      55        2             -4.            28.
  421      56        2             -4.            29.
  422      57        2             -3.            30.
  423      58        2             -3.            31.
  424      59        2             -3.            32.
  425      60        2             -3.            33.
  426      61        2             -3.            34.
  427      62        2             -3.            35.
  428      63        2             -3.            36.
  429      64        2             -3.            37.
  430      65        2             -2.            38.
  431      66        2             -2.            39.
  432      67        2             -2.            41.
  433      68        2             -2.            42.
  434      69        2             -2.            43.
  435      70        2             -2.            45.
  436      71        2             -2.            46.
  437      72        2             -2.            47.
  438      73        2             -1.            49.
  439      74        2             -1.            50.
  440      75        2             -1.            52.
  441      76        2             -1.            53.
  442      77        2             -1.            54.
  443      78        2             -1.            56.
  444      79        2             -0.            57.
  445      80        2             -0.            59.
  446      81        2             -0.            61.
  447      82        2              0.            62.
  448      83        2              0.            64.
  449      84        2              0.            65.
  450      85        2              1.            67.
  451      86        2              1.            69.
  452      87        2              1.            70.
  453      88        2              1.            72.
  454      89        2              1.            74.
  455      90        2              2.            76.
  456      91        2              2.            77.
  457      92        2              2.            79.
  458      93        2              2.            81.
  459      94        2              2.            83.
  460      95        2              3.            85.
  461      96        2              3.            86.
  462      97        2              3.            88.
  463      98        2              3.            90.
  464      99        2              3.            92.
  465     100        2              4.            94.
  466     101        2              4.            96.
  467     102        2              4.            98.
  468     103        2              4.           100.
  469     104        2              4.           101.
  470     105        2              5.           103.
  471     106        2              5.           105.
  472     107        2              5.           107.
  473     108        2              5.           109.
  474     109        2              5.           111.
  475     110        2              6.           113.
  476     111        2              6.           115.
  477     112        2              6.           117.
  478     113        2              6.           119.
  479     114        2              6.           121.
  480     115        2              7.           123.
  481     116        2              7.           125.
  482     117        2              7.           127.
  483     118        2              7.           129.
  484     119        2              8.           131.
  485     120        2              8.           133.
  486     121        2              8.           135.
  487     122        2              8.           137.
  488     123        2              8.           139.
  489     124        2              9.           141.
  490     125        2              9.           143.
  491     126        2              9.           145.
  492     127        2              9.           147.
  493     128        2              9.           149.
  494     129        2             10.           151.
  495     130        2             10.           153.
  496     131        2             10.           155.
  497     132        2             10.           157.
  498     133        2             11.           159.
  499     134        2             11.           160.
  500     135        2             11.           162.
  501     136        2             11.           164.
  502     137        2             11.           166.
  503     138        2             12.           168.
  504     139        2             12.           170.
  505     140        2             12.           172.
  506     141        2             12.           174.
  507     142        2             12.           176.
  508     143        2             13.           177.
  509     144        2             13.           179.
  510     145        2             13.           181.
  511     146        2             13.           183.
  512     147        2             13.           184.
  513     148        2             14.           186.
  514     149        2             14.           188.
  515     150        2             14.           190.
  516     151        2             14.           191.
  517     152        2             14.           193.
  518     153        2             14.           195.
  519     154        2             15.           196.
  520     155        2             15.           198.
  521     156        2             15.           200.
  522     157        2             15.           201.
  523     158        2             15.           203.
  524     159        2             15.           204.
  525     160        2             16.           206.
  526     161        2             16.           207.
  527     162        2             16.           209.
  528     163        2             16.           210.
  529     164        2             16.           212.
  530     165        2             16.           213.
  531     166        2             17.           214.
  532     167        2             17.           216.
  533     168        2             17.           217.
  534     169        2             17.           218.
  535     170        2             17.           220.
  536     171        2             17.           221.
  537     172        2             17.           222.
  538     173        2             18.           223.
  539     174        2             18.           225.
  540     175        2             18.           226.
  541     176        2             18.           227.
  542     177        2             18.           228.
  543     178        2             18.           229.
  544     179        2             18.           230.
  545     180        2             18.           231.
  546     181        2             18.           232.
  547     182        2             19.           233.
  548     183        2             19.           234.
  549     184        2             19.           235.
  550     185        2             19.           235.
  551     186        2             19.           236.
  552     187        2             19.           237.
  553     188        2             19.           238.
  554     189        2             19.           239.
  555     190        2             19.           239.
  556     191        2             19.           240.
  557     192        2             19.           240.
  558     193        2             19.           241.
  559     194        2             20.           242.
  560     195        2             20.           242.
  561     196        2             20.           243.
  562     197        2             20.           243.
  563     198        2             20.           244.
  564     199        2             20.           244.
  565     200        2             20.           244.
  566     201        2             20.           245.
  567     202        2             20.           245.
  568     203        2             20.           245.
  569     204        2             20.           245.
  570     205        2             20.           246.
  571     206        2             20.           246.
  572     207        2             20.           246.
  573     208        2             20.           246.
  574     209        2             20.           246.
  575     210        2             20.           246.
  576     211        2             20.           246.
  577     212        2             20.           246.
  578     213        2             20.           246.
  579     214        2             20.           246.
  580     215        2             20.           246.
  581     216        2             20.           245.
  582     217        2             20.           245.
  583     218        2             20.           245.
  584     219        2             20.           245.
  585     220        2             20.           244.
  586     221        2             20.           244.
  587     222        2             20.           244.
  588     223        2             20.           243.
  589     224        2             20.           243.
  590     225        2             20.           242.
  591     226        2             20.           242.
  592     227        2             19.           241.
  593     228        2             19.           240.
  594     229        2             19.           240.
  595     230        2             19.           239.
  596     231        2             19.           239.
  597     232        2             19.           238.
  598     233        2             19.           237.
  599     234        2             19.           236.
  600     235        2             19.           235.
  601     236        2             19.           235.
  602     237        2             19.           234.
  603     238        2             19.           233.
  604     239        2             18.           232.
  605     240        2             18.           231.
  606     241        2             18.           230.
  607     242        2             18.           229.
  608     243        2             18.           228.
  609     244        2             18.           227.
  610     245        2             18.           226.
  611     246        2             18.           225.
  612     247        2             18.           223.
  613     248        2             17.           222.
  614     249        2             17.           221.
  615     250        2             17.           220.
  616     251        2             17.           218.
  617     252        2             17.           217.
  618     253        2             17.           216.
  619     254        2             17.           214.
  620     255        2             16.           213.
  621     256        2             16.           212.
  622     257        2             16.           210.
  623     258        2             16.           209.
  624     259        2             16.           207.
  625     260        2             16.           206.
  626     261        2             15.           204.
  627     262        2             15.           203.
  628     263        2             15.           201.
  629     264        2             15.           200.
  630     265        2             15.           198.
  631     266        2             15.           196.
  632     267        2             14.           195.
  633     268        2             14.           193.
  634     269        2             14.           191.
  635     270        2             14.           190.
  636     271        2             14.           188.
  637     272        2             14.           186.
  638     273        2             13.           184.
  639     274        2             13.           183.
  640     275        2             13.           181.
  641     276        2             13.           179.
  642     277        2             13.           177.
  643     278        2             12.           176.
  644     279        2             12.           174.
  645     280        2             12.           172.
  646     281        2             12.           170.
  647     282        2             12.           168.
  648     283        2             11.           166.
  649     284        2             11.           164.
  650     285        2             11.           162.
  651     286        2             11.           160.
  652     287        2             11.           159.
  653     288        2             10.           157.
  654     289        2             10.           155.
  655     290        2             10.           153.
  656     291        2             10.           151.
  657     292        2              9.           149.
  658     293        2              9.           147.
  659     294        2              9.           145.
  660     295        2              9.           143.
  661     296        2              9.           141.
  662     297        2              8.           139.
  663     298        2              8.           137.
  664     299        2              8.           135.
  665     300        2              8.           133.
  666     301        2              8.           131.
  667     302        2              7.           129.
  668     303        2              7.           127.
  669     304        2              7.           125.
  670     305        2              7.           123.
  671     306        2              6.           121.
  672     307        2              6.           119.
  673     308        2              6.           117.
  674     309        2              6.           115.
  675     310        2              6.           113.
  676     311        2              5.           111.
  677     312        2              5.           109.
  678     313        2              5.           107.
  679     314        2              5.           105.
  680     315        2              5.           103.
  681     316        2              4.           101.
  682     317        2              4.           100.
  683     318        2              4.            98.
  684     319        2              4.            96.
  685     320        2              4.            94.
  686     321        2              3.            92.
  687     322        2              3.            90.
  688     323        2              3.            88.
  689     324        2              3.            86.
  690     325        2              3.            85.
  691     326        2              2.            83.
  692     327        2              2.            81.
  693     328        2              2.            79.
  694     329        2              2.            77.
  695     330        2              2.            76.
  696     331        2              1.            74.
  697     332        2              1.            72.
  698     333        2              1.            70.
  699     334        2              1.            69.
  700     335        2              1.            67.
  701     336        2              0.            65.
  702     337        2              0.            64.
  703     338        2              0.            62.
  704     339        2             -0.            61.
  705     340        2             -0.            59.
  706     341        2             -0.            57.
  707     342        2             -1.            56.
  708     343        2             -1.            54.
  709     344        2             -1.            53.
  710     345        2             -1.            52.
  711     346        2             -1.            50.
  712     347        2             -1.            49.
  713     348        2             -2.            47.
  714     349        2             -2.            46.
  715     350        2             -2.            45.
  716     351        2             -2.            43.
  717     352        2             -2.            42.
  718     353        2             -2.            41.
  719     354        2             -2.            39.
  720     355        2             -2.            38.
  721     356        2             -3.            37.
  722     357        2             -3.            36.
  723     358        2             -3.            35.
  724     359        2             -3.            34.
  725     360        2             -3.            33.
  726     361        2             -3.            32.
  727     362        2             -3.            31.
  728     363        2             -3.            30.
  729     364        2             -4.            29.
  730     365        2             -4.            28.
  731       1        3             -4.            27.
  732       2        3             -4.            26.
  733       3        3             -4.            25.
  734       4        3             -4.            24.
  735       5        3             -4.            24.
  736       6        3             -4.            23.
  737       7        3             -4.            22.
  738       8        3             -4.            21.
  739       9        3             -4.            21.
  740      10        3             -4.            20.
  741      11        3             -4.            20.
  742      12        3             -5.            19.
  743      13        3             -5.            19.
  744      14        3             -5.            18.
  745      15        3             -5.            18.
  746      16        3             -5.            17.
  747      17        3             -5.            17.
  748      18        3             -5.            17.
  749      19        3             -5.            16.
  750      20        3             -5.            16.
  751      21        3             -5.            16.
  752      22        3             -5.            16.
  753      23        3             -5.            15.
  754      24        3             -5.            15.
  755      25        3             -5.            15.
  756      26        3             -5.            15.
  757      27        3             -5.            15.
  758      28        3             -5.            15.
  759      29        3             -5.            15.
  760      30        3             -5.            15.
  761      31        3             -5.            15.
  762      32        3             -5.            15.
  763      33        3             -5.            16.
  764      34        3             -5.            16.
  765      35        3             -5.            16.
  766      36        3             -5.            16.
  767      37        3             -5.            17.
  768      38        3             -5.            17.
  769      39        3             -5.            17.
  770      40        3             -5.            18.
  771      41        3             -5.            18.
  772      42        3             -5.            19.
  773      43        3             -5.            19.
  774      44        3             -4.            20.
  775      45        3             -4.            20.
  776      46        3             -4.            21.
  777      47        3             -4.            21.
  778      48        3             -4.            22.
  779      49        3             -4.            23.
  780      50        3             -4.            24.
  781      51        3             -4.            24.
  782      52        3             -4.            25.
  783      53        3             -4.            26.
  784      54        3             -4.            27.
  785      55        3             -4.            28.
  786      56        3             -4.            29.
  787      57        3             -3.            30.
  788      58        3             -3.            31.
  789      59        3             -3.            32.
  790      60        3             -3.            33.
  791      61        3             -3.            34.
  792      62        3             -3.            35.
  793      63        3             -3.            36.
  794      64        3             -3.            37.
  795      65        3             -2.            38.
  796      66        3             -2.            39.
  797      67        3             -2.            41.
  798      68        3             -2.            42.
  799      69        3             -2.            43.
  800      70        3             -2.            45.
  801      71        3             -2.            46.
  802      72        3             -2.            47.
  803      73        3             -1.            49.
  804      74        3             -1.            50.
  805      75        3             -1.            52.
  806      76        3             -1.            53.
  807      77        3             -1.            54.
  808      78        3             -1.            56.
  809      79        3             -0.            57.
  810      80        3             -0.            59.
  811      81        3             -0.            61.
  812      82        3              0.            62.
  813      83        3              0.            64.
  814      84        3              0.            65.
  815      85        3              1.            67.
  816      86        3              1.            69.
  817      87        3              1.            70.
  818      88        3              1.            72.
  819      89        3              1.            74.
  820      90        3              2.            76.
  821      91        3              2.            77.
  822      92        3              2.            79.
  823      93        3              2.            81.
  824      94        3              2.            83.
  825      95        3              3.            85.
  826      96        3              3.            86.
  827      97        3              3.            88.
  828      98        3              3.            90.
  829      99        3              3.            92.
  830     100        3              4.            94.
  831     101        3              4.            96.
  832     102        3              4.            98.
  833     103        3              4.           100.
  834     104        3              4.           101.
  835     105        3              5.           103.
  836     106        3              5.           105.
  837     107        3              5.           107.
  838     108        3              5.           109.
  839     109        3              5.           111.
  840     110        3              6.           113.
  841     111        3              6.           115.
  842     112        3              6.           117.
  843     113        3              6.           119.
  844     114        3              6.           121.
  845     115        3              7.           123.
  846     116        3              7.           125.
  847     117        3              7.           127.
  848     118        3              7.           129.
  849     119        3              8.           131.
  850     120        3              8.           133.
  851     121        3              8.           135.
  852     122        3              8.           137.
  853     123        3              8.           139.
  854     124        3              9.           141.
  855     125        3              9.           143.
  856     126        3              9.           145.
  857     127        3              9.           147.
  858     128        3              9.           149.
  859     129        3             10.           151.
  860     130        3             10.           153.
  861     131        3             10.           155.
  862     132        3             10.           157.
  863     133        3             11.           159.
  864     134        3             11.           160.
  865     135        3             11.           162.
  866     136        3             11.           164.
  867     137        3             11.           166.
  868     138        3             12.           168.
  869     139        3             12.           170.
  870     140        3             12.           172.
  871     141        3             12.           174.
  872     142        3             12.           176.
  873     143        3             13.           177.
  874     144        3             13.           179.
  875     145        3             13.           181.
  876     146        3             13.           183.
  877     147        3             13.           184.
  878     148        3             14.           186.
  879     149        3             14.           188.
  880     150        3             14.           190.
  881     151        3             14.           191.
  882     152        3             14.           193.
  883     153        3             14.           195.
  884     154        3             15.           196.
  885     155        3             15.           198.
  886     156        3             15.           200.
  887     157        3             15.           201.
  888     158        3             15.           203.
  889     159        3             15.           204.
  890     160        3             16.           206.
  891     161        3             16.           207.
  892     162        3             16.           209.
  893     163        3             16.           210.
  894     164        3             16.           212.
  895     165        3             16.           213.
  896     166        3             17.           214.
  897     167        3             17.           216.
  898     168        3             17.           217.
  899     169        3             17.           218.
  900     170        3             17.           220.
  901     171        3             17.           221.
  902     172        3             17.           222.
  903     173        3             18.           223.
  904     174        3             18.           225.
  905     175        3             18.           226.
  906     176        3             18.           227.
  907     177        3             18.           228.
  908     178        3             18.           229.
  909     179        3             18.           230.
  910     180        3             18.           231.
  911     181        3             18.           232.
  912     182        3             19.           233.
  913     183        3             19.           234.
  914     184        3             19.           235.
  915     185        3             19.           235.
  916     186        3             19.           236.
  917     187        3             19.           237.
  918     188        3             19.           238.
  919     189        3             19.           239.
  920     190        3             19.           239.
  921     191        3             19.           240.
  922     192        3             19.           240.
  923     193        3             19.           241.
  924     194        3             20.           242.
  925     195        3             20.           242.
  926     196        3             20.           243.
  927     197        3             20.           243.
  928     198        3             20.           244.
  929     199        3             20.           244.
  930     200        3             20.           244.
  931     201        3             20.           245.
  932     202        3             20.           245.
  933     203        3             20.           245.
  934     204        3             20.           245.
  935     205        3             20.           246.
  936     206        3             20.           246.
  937     207        3             20.           246.
  938     208        3             20.           246.
  939     209        3             20.           246.
  940     210        3             20.           246.
  941     211        3             20.           246.
  942     212        3             20.           246.
  943     213        3             20.           246.
  944     214        3             20.           246.
  945     215        3             20.           246.
  946     216        3             20.           245.
  947     217        3             20.           245.
  948     218        3             20.           245.
  949     219        3             20.           245.
  950     220        3             20.           244.
  951     221        3             20.           244.
  952     222        3             20.           244.
  953     223        3             20.           243.
  954     224        3             20.           243.
  955     225        3             20.           242.
  956     226        3             20.           242.
  957     227        3             19.           241.
  958     228        3             19.           240.
  959     229        3             19.           240.
  960     230        3             19.           239.
  961     231        3             19.           239.
  962     232        3             19.           238.
  963     233        3             19.           237.
  964     234        3             19.           236.
  965     235        3             19.           235.
  966     236        3             19.           235.
  967     237        3             19.           234.
  968     238        3             19.           233.
  969     239        3             18.           232.
  970     240        3             18.           231.
  971     241        3             18.           230.
  972     242        3             18.           229.
  973     243        3             18.           228.
  974     244        3             18.           227.
  975     245        3             18.           226.
  976     246        3             18.           225.
  977     247        3             18.           223.
  978     248        3             17.           222.
  979     249        3             17.           221.
  980     250        3             17.           220.
  981     251        3             17.           218.
  982     252        3             17.           217.
  983     253        3             17.           216.
  984     254        3             17.           214.
  985     255        3             16.           213.
  986     256        3             16.           212.
  987     257        3             16.           210.
  988     258        3             16.           209.
  989     259        3             16.           207.
  990     260        3             16.           206.
  991     261        3             15.           204.
  992     262        3             15.           203.
  993     263        3             15.           201.
  994     264        3             15.           200.
  995     265        3             15.           198.
  996     266        3             15.           196.
  997     267        3             14.           195.
  998     268        3             14.           193.
  999     269        3             14.           191.
 1000     270        3             14.           190.
 1001     271        3             14.           188.
 1002     272        3             14.           186.
 1003     273        3             13.           184.
 1004     274        3             13.           183.
 1005     275        3             13.           181.
 1006     276        3             13.           179.
 1007     277        3             13.           177.
 1008     278        3             12.           176.
 1009     279        3             12.           174.
 1010     280        3             12.           172.
 1011     281        3             12.           170.
 1012     282        3             12.           168.
 1013     283        3             11.           166.
 1014     284        3             11.           164.
 1015     285        3             11.           162.
 1016     286        3             11.           160.
 1017     287        3             11.           159.
 1018     288        3             10.           157.
 1019     289        3             10.           155.
 1020     290        3             10.           153.
 1021     291        3             10.           151.
 1022     292        3              9.           149.
 1023     293        3              9.           147.
 1024     294        3              9.           145.
 1025     295        3              9.           143.
 1026     296        3              9.           141.
 1027     297        3              8.           139.
 1028     298        3              8.           137.
 1029     299        3              8.           135.
 1030     300        3              8.           133.
 1031     301        3              8.           131.
 1032     302        3              7.           129.
 1033     303        3              7.           127.
 1034     304        3              7.           125.
 1035     305        3              7.           123.
 1036     306        3              6.           121.
 1037     307        3              6.           119.
 1038     308        3              6.           117.
 1039     309        3              6.           115.
 1040     310        3              6.           113.
 1041     311        3              5.           111.
 1042     312        3              5.           109.
 1043     313        3              5.           107.
 1044     314        3              5.           105.
 1045     315        3              5.           103.
 1046     316        3              4.           101.
 1047     317        3              4.           100.
 1048     318        3              4.            98.
 1049     319        3              4.            96.
 1050     320        3              4.            94.
 1051     321        3              3.            92.
 1052     322        3              3.            90.
 1053     323        3              3.            88.
 1054     324        3              3.            86.
 1055     325        3              3.            85.
 1056     326        3              2.            83.
 1057     327        3              2.            81.
 1058     328        3              2.            79.
 1059     329        3              2.            77.
 1060     330        3              2.            76.
 1061     331        3              1.            74.
 1062     332        3              1.            72.
 1063     333        3              1.            70.
 1064     334        3              1.            69.
 1065     335        3              1.            67.
 1066     336        3              0.            65.
 1067     337        3              0.            64.
 1068     338        3              0.            62.
 1069     339        3             -0.            61.
 1070     340        3             -0.            59.
 1071     341        3             -0.            57.
 1072     342        3             -1.            56.
 1073     343        3             -1.            54.
 1074     344        3             -1.            53.
 1075     345        3             -1.            52.
 1076     346        3             -1.            50.
 1077     347        3             -1.            49.
 1078     348        3             -2.            47.
 1079     349        3             -2.            46.
 1080     350        3             -2.            45.
 1081     351        3             -2.            43.
 1082     352        3             -2.            42.
 1083     353        3             -2.            41.
 1084     354        3             -2.            39.
 1085     355        3             -2.            38.
 1086     356        3             -3.            37.
 1087     357        3             -3.            36.
 1088     358        3             -3.            35.
 1089     359        3             -3.            34.
 1090     360        3             -3.            33.
 1091     361        3             -3.            32.
 1092     362        3             -3.            31.
 1093     363        3             -3.            30.
 1094     364        3             -4.            29.
 1095     365        3             -4.            28.
