 Day of  Day of    Year   Slurry  Frozen  Slurry   Air    Wall   Floor    Slurry
 sim.     year             mass    mass   depth     T      T       T        T
    1       1        1    67.00    0.00    0.07   -3.72    7.97   11.06    3.42
    2       2        1   134.00    0.00    0.13   -3.81    7.80   11.04    1.50
    3       3        1   201.00    0.00    0.20   -3.90    7.63   11.02    1.07
    4       4        1   268.00    0.00    0.26   -3.99    7.46   10.99    0.84
    5       5        1   335.00    0.00    0.33   -4.07    7.29   10.97    0.68
    6       6        1   402.00    0.00    0.39   -4.15    7.12   10.94    0.56
    7       7        1   469.00    0.00    0.46   -4.23    6.95   10.91    0.47
    8       8        1   536.00    0.00    0.53   -4.30    6.78   10.88    0.38
    9       9        1   603.00    0.00    0.59   -4.37    6.61   10.85    0.31
   10      10        1   670.00    0.00    0.66   -4.44    6.44   10.82    0.25
   11      11        1   737.00    0.00    0.72   -4.50    6.28   10.79    0.19
   12      12        1   804.00    0.00    0.79   -4.56    6.11   10.76    0.14
   13      13        1   871.00    0.00    0.86   -4.61    5.94   10.73    0.09
   14      14        1   938.00    0.00    0.92   -4.66    5.77   10.69    0.05
   15      15        1  1005.00    0.16    0.99   -4.71    5.61   10.66    0.01
   16      16        1  1072.00    0.67    1.05   -4.76    5.44   10.62    0.00
   17      17        1  1139.00    1.21    1.12   -4.80    5.28   10.58    0.00
   18      18        1  1206.00    1.76    1.18   -4.83    5.11   10.54    0.00
   19      19        1  1273.00    2.33    1.25   -4.87    4.95   10.50    0.00
   20      20        1  1340.00    2.92    1.32   -4.90    4.78   10.46    0.00
   21      21        1  1407.00    3.52    1.38   -4.92    4.62   10.42    0.00
   22      22        1  1474.00    4.14    1.45   -4.94    4.46   10.38    0.00
   23      23        1  1541.00    4.76    1.51   -4.96    4.30   10.34    0.00
   24      24        1  1607.99    5.40    1.58   -4.98    4.14   10.30    0.00
   25      25        1  1674.99    6.06    1.65   -4.99    3.98   10.25    0.00
   26      26        1  1741.99    6.74    1.71   -5.00    3.82   10.21    0.00
   27      27        1  1808.99    7.43    1.78   -5.00    3.67   10.16    0.00
   28      28        1  1875.99    8.13    1.84   -5.00    3.51   10.11    0.00
   29      29        1  1942.99    8.84    1.91   -5.00    3.36   10.07    0.00
   30      30        1  2009.99    9.56    1.97   -4.99    3.21   10.02    0.00
   31      31        1  2076.99   10.28    2.04   -4.98    3.05    9.97    0.00
   32      32        1  2143.99   11.01    2.11   -4.96    2.90    9.92    0.00
   33      33        1  2210.99   11.75    2.17   -4.94    2.75    9.87    0.00
   34      34        1  2277.99   12.48    2.24   -4.92    2.61    9.82    0.00
   35      35        1  2345.00   13.22    2.30   -4.90    2.46    9.76    0.00
   36      36        1  2412.00   13.95    2.37   -4.87    2.32    9.71    0.00
   37      37        1  2479.00   14.68    2.44   -4.83    2.17    9.66    0.00
   38      38        1  2546.00   15.41    2.50   -4.80    2.03    9.61    0.00
   39      39        1  2613.00   16.12    2.57   -4.76    1.89    9.55    0.00
   40      40        1  2680.01   16.83    2.63   -4.71    1.75    9.50    0.00
   41      41        1  2747.01   17.53    2.70   -4.66    1.62    9.44    0.00
   42      42        1  2814.01   18.22    2.76   -4.61    1.48    9.38    0.00
   43      43        1  2881.01   18.89    2.83   -4.56    1.35    9.33    0.00
   44      44        1  2948.01   19.54    2.90   -4.50    1.22    9.27    0.00
   45      45        1  3015.02   20.18    2.96   -4.44    1.09    9.21    0.00
   46      46        1  3082.02   20.80    3.03   -4.37    0.96    9.15    0.00
   47      47        1  3149.02   21.39    3.09   -4.30    0.84    9.09    0.00
   48      48        1  3216.02   21.97    3.16   -4.23    0.71    9.03    0.00
   49      49        1  3283.02   22.51    3.23   -4.15    0.59    8.98    0.00
   50      50        1  3350.03   23.03    3.29   -4.07    0.47    8.91    0.00
   51      51        1  3417.03   23.53    3.36   -3.99    0.35    8.85    0.00
   52      52        1  3484.03   23.99    3.42   -3.90    0.24    8.79    0.00
   53      53        1  3551.03   24.41    3.49   -3.81    0.13    8.73    0.00
   54      54        1  3618.03   24.81    3.55   -3.72    0.01    8.67    0.00
   55      55        1  3685.04   25.17    3.62   -3.63   -0.09    8.61    0.00
   56      56        1  3752.04   25.48    3.69   -3.53   -0.20    8.55    0.00
   57      57        1  3819.04   25.76    3.75   -3.42   -0.30    8.48    0.00
   58      58        1  3886.04   26.00    3.82   -3.32   -0.41    8.42    0.00
   59      59        1  3953.04   26.20    3.88   -3.21   -0.51    8.36    0.00
   60      60        1  4020.05   26.34    3.95   -3.09   -0.60    8.29    0.00
   61      61        1  4087.05   26.45    4.02   -2.98   -0.70    8.23    0.00
   62      62        1  4154.04   26.50    4.08   -2.86   -0.79    8.16    0.00
   63      63        1  4221.04   26.50    4.15   -2.74   -0.88    8.10    0.00
   64      64        1  4288.04   26.45    4.21   -2.61   -0.97    8.04    0.00
   65      65        1  4355.03   26.34    4.28   -2.48   -1.05    7.97    0.00
   66      66        1  4422.03   26.18    4.34   -2.35   -1.13    7.91    0.00
   67      67        1  4489.02   25.96    4.41   -2.22   -1.21    7.84    0.00
   68      68        1  4556.02   25.68    4.48   -2.08   -1.29    7.78    0.00
   69      69        1  4623.02   25.34    4.54   -1.94   -1.37    7.71    0.00
   70      70        1  4690.01   24.94    4.61   -1.80   -1.44    7.65    0.00
   71      71        1  4757.01   24.47    4.67   -1.66   -1.51    7.58    0.00
   72      72        1  4824.01   23.93    4.74   -1.51   -1.57    7.52    0.00
   73      73        1  4891.00   23.33    4.81   -1.36   -1.64    7.45    0.00
   74      74        1  4958.00   22.66    4.87   -1.20   -1.70    7.39    0.00
   75      75        1  1067.00   21.84    1.05   -1.05   -1.76    7.32    0.00
   76      76        1  1134.00   20.97    1.11   -0.89   -1.81    7.26    0.00
   77      77        1  1201.00   20.02    1.18   -0.73   -1.87    7.19    0.00
   78      78        1  1268.00   19.01    1.25   -0.57   -1.92    7.13    0.00
   79      79        1  1335.00   17.94    1.31   -0.40   -1.96    7.06    0.00
   80      80        1  1401.99   16.79    1.38   -0.23   -2.01    7.00    0.00
   81      81        1  1468.99   15.57    1.44   -0.06   -2.05    6.93    0.00
   82      82        1  1535.99   14.28    1.51    0.11   -2.09    6.87    0.00
   83      83        1  1602.99   12.92    1.57    0.28   -2.13    6.80    0.00
   84      84        1  1669.99   11.48    1.64    0.46   -2.16    6.74    0.00
   85      85        1  1736.99    9.97    1.71    0.64   -2.19    6.68    0.00
   86      86        1  1803.99    8.38    1.77    0.82   -2.22    6.61    0.00
   87      87        1  1870.99    6.70    1.84    1.00   -2.24    6.55    0.00
   88      88        1  1937.99    4.95    1.90    1.19   -2.26    6.49    0.00
   89      89        1  2004.99    3.12    1.97    1.37   -2.28    6.42    0.00
   90      90        1  2071.99    1.20    2.04    1.56   -2.30    6.36    0.00
   91      91        1  2138.99    0.00    2.10    1.75   -2.31    6.30    0.01
   92      92        1  2205.99    0.00    2.17    1.95   -2.32    6.24    0.07
   93      93        1  2272.99    0.00    2.23    2.14   -2.33    6.18    0.14
   94      94        1  2339.99    0.00    2.30    2.33   -2.33    6.12    0.22
   95      95        1  2407.00    0.00    2.36    2.53   -2.33    6.05    0.29
   96      96        1  2474.00    0.00    2.43    2.73   -2.33    5.99    0.37
   97      97        1  2541.00    0.00    2.50    2.93   -2.33    5.94    0.44
   98      98        1  2608.00    0.00    2.56    3.13   -2.32    5.88    0.51
   99      99        1  2675.00    0.00    2.63    3.33   -2.31    5.82    0.59
  100     100        1  2742.01    0.00    2.69    3.54   -2.30    5.76    0.66
  101     101        1  2809.01    0.00    2.76    3.74   -2.28    5.70    0.73
  102     102        1  2876.01    0.00    2.83    3.95   -2.26    5.64    0.81
  103     103        1  2943.01    0.00    2.89    4.15   -2.24    5.59    0.88
  104     104        1  3010.01    0.00    2.96    4.36   -2.22    5.53    0.95
  105     105        1  3077.02    0.00    3.02    4.57   -2.19    5.48    1.03
  106     106        1  3144.02    0.00    3.09    4.78   -2.16    5.42    1.10
  107     107        1  3211.02    0.00    3.15    4.99   -2.13    5.37    1.17
  108     108        1  3278.02    0.00    3.22    5.20   -2.09    5.31    1.25
  109     109        1  3345.02    0.00    3.29    5.41   -2.05    5.26    1.32
  110     110        1  3412.02    0.00    3.35    5.62   -2.01    5.21    1.40
  111     111        1  3479.03    0.00    3.42    5.84   -1.96    5.16    1.47
  112     112        1  3546.03    0.00    3.48    6.05   -1.92    5.11    1.54
  113     113        1  3613.03    0.00    3.55    6.26   -1.87    5.06    1.62
  114     114        1  3680.03    0.00    3.62    6.48   -1.81    5.01    1.69
  115     115        1  3747.03    0.00    3.68    6.69   -1.76    4.96    1.77
  116     116        1  3814.04    0.00    3.75    6.91   -1.70    4.91    1.84
  117     117        1  3881.04    0.00    3.81    7.12   -1.64    4.86    1.92
  118     118        1  3948.04    0.00    3.88    7.34   -1.57    4.82    1.99
  119     119        1  4015.04    0.00    3.94    7.55   -1.51    4.77    2.07
  120     120        1  4082.04    0.00    4.01    7.77   -1.44    4.73    2.14
  121     121        1  4149.04    0.00    4.08    7.98   -1.37    4.68    2.22
  122     122        1  4216.04    0.00    4.14    8.20   -1.29    4.64    2.29
  123     123        1  4283.03    0.00    4.21    8.41   -1.21    4.60    2.37
  124     124        1  4350.03    0.00    4.27    8.63   -1.13    4.56    2.44
  125     125        1  4417.03    0.00    4.34    8.84   -1.05    4.52    2.52
  126     126        1  4484.02    0.00    4.41    9.06   -0.97    4.48    2.60
  127     127        1  4551.02    0.00    4.47    9.27   -0.88    4.44    2.67
  128     128        1  4618.01    0.00    4.54    9.48   -0.79    4.40    2.75
  129     129        1  4685.01    0.00    4.60    9.69   -0.70    4.36    2.83
  130     130        1  4752.01    0.00    4.67    9.91   -0.60    4.33    2.90
  131     131        1  4819.00    0.00    4.73   10.12   -0.51    4.29    2.98
  132     132        1  4886.00    0.00    4.80   10.33   -0.41    4.26    3.06
  133     133        1  4952.99    0.00    4.87   10.54   -0.30    4.22    3.13
  134     134        1  5019.99    0.00    4.93   10.74   -0.20    4.19    3.21
  135     135        1  5086.99    0.00    5.00   10.95   -0.09    4.16    3.29
  136     136        1  5153.98    0.00    5.06   11.16    0.01    4.13    3.37
  137     137        1  5220.98    0.00    5.13   11.36    0.13    4.10    3.44
  138     138        1  5287.98    0.00    5.20   11.57    0.24    4.07    3.52
  139     139        1  5354.97    0.00    5.26   11.77    0.35    4.05    3.60
  140     140        1  5421.97    0.00    5.33   11.97    0.47    4.02    3.68
  141     141        1  5488.96    0.00    5.39   12.17    0.59    3.99    3.76
  142     142        1  5555.96    0.00    5.46   12.37    0.71    3.97    3.83
  143     143        1  5622.96    0.00    5.52   12.57    0.84    3.95    3.91
  144     144        1  5689.95    0.00    5.59   12.76    0.96    3.93    3.99
  145     145        1  5756.95    0.00    5.66   12.96    1.09    3.90    4.07
  146     146        1  5823.94    0.00    5.72   13.15    1.22    3.88    4.15
  147     147        1  5890.94    0.00    5.79   13.34    1.35    3.87    4.23
  148     148        1  5957.94    0.00    5.85   13.53    1.48    3.85    4.30
  149     149        1  6024.93    0.00    5.92   13.72    1.62    3.83    4.38
  150     150        1  6091.93    0.00    5.98   13.90    1.75    3.82    4.46
  151     151        1  6158.92    0.00    6.05   14.09    1.89    3.80    4.54
  152     152        1  6225.92    0.00    6.12   14.27    2.03    3.79    4.62
  153     153        1  6292.92    0.00    6.18   14.45    2.17    3.78    4.70
  154     154        1  6359.91    0.00    6.25   14.63    2.32    3.76    4.77
  155     155        1  6426.91    0.00    6.31   14.80    2.46    3.75    4.85
  156     156        1  6493.90    0.00    6.38   14.98    2.61    3.75    4.93
  157     157        1  6560.90    0.00    6.45   15.15    2.75    3.74    5.01
  158     158        1  6627.90    0.00    6.51   15.32    2.90    3.73    5.09
  159     159        1  6694.89    0.00    6.58   15.48    3.05    3.73    5.17
  160     160        1  6761.89    0.00    6.64   15.65    3.21    3.72    5.24
  161     161        1  6828.89    0.00    6.71   15.81    3.36    3.72    5.32
  162     162        1  6895.88    0.00    6.77   15.97    3.51    3.72    5.40
  163     163        1  6962.88    0.00    6.84   16.13    3.67    3.71    5.48
  164     164        1  7029.87    0.00    6.91   16.28    3.82    3.71    5.56
  165     165        1  7096.87    0.00    6.97   16.43    3.98    3.72    5.63
  166     166        1  7163.87    0.00    7.04   16.58    4.14    3.72    5.71
  167     167        1  7230.86    0.00    7.10   16.73    4.30    3.72    5.79
  168     168        1  7297.86    0.00    7.17   16.87    4.46    3.73    5.86
  169     169        1  7364.85    0.00    7.24   17.01    4.62    3.73    5.94
  170     170        1  7431.85    0.00    7.30   17.15    4.78    3.74    6.02
  171     171        1  7498.85    0.00    7.37   17.29    4.95    3.75    6.09
  172     172        1  7565.84    0.00    7.43   17.42    5.11    3.75    6.17
  173     173        1  7632.84    0.00    7.50   17.55    5.28    3.76    6.25
  174     174        1  7699.83    0.00    7.56   17.68    5.44    3.78    6.32
  175     175        1  7766.83    0.00    7.63   17.80    5.61    3.79    6.40
  176     176        1  7833.83    0.00    7.70   17.92    5.77    3.80    6.47
  177     177        1  7900.82    0.00    7.76   18.04    5.94    3.82    6.55
  178     178        1  7967.82    0.00    7.83   18.15    6.11    3.83    6.62
  179     179        1  8034.81    0.00    7.89   18.26    6.28    3.85    6.70
  180     180        1  8101.81    0.00    7.96   18.37    6.44    3.87    6.77
  181     181        1  8168.81    0.00    8.03   18.47    6.61    3.88    6.85
  182     182        1  8235.81    0.00    8.09   18.58    6.78    3.90    6.92
  183     183        1  8302.82    0.00    8.16   18.67    6.95    3.93    7.00
  184     184        1  8369.83    0.00    8.22   18.77    7.12    3.95    7.07
  185     185        1  8436.83    0.00    8.29   18.86    7.29    3.97    7.14
  186     186        1  8503.84    0.00    8.35   18.95    7.46    3.99    7.21
  187     187        1  8570.85    0.00    8.42   19.03    7.63    4.02    7.29
  188     188        1  8637.86    0.00    8.49   19.11    7.80    4.05    7.36
  189     189        1  8704.87    0.00    8.55   19.19    7.97    4.07    7.43
  190     190        1  8771.87    0.00    8.62   19.27    8.13    4.10    7.50
  191     191        1  8838.88    0.00    8.68   19.34    8.30    4.13    7.57
  192     192        1  8905.89    0.00    8.75   19.40    8.47    4.16    7.64
  193     193        1  8972.90    0.00    8.82   19.47    8.64    4.19    7.71
  194     194        1  9039.90    0.00    8.88   19.53    8.81    4.22    7.78
  195     195        1  9106.91    0.00    8.95   19.59    8.98    4.26    7.85
  196     196        1  9173.92    0.00    9.01   19.64    9.14    4.29    7.92
  197     197        1  9240.93    0.00    9.08   19.69    9.31    4.33    7.99
  198     198        1  9307.94    0.00    9.14   19.73    9.48    4.36    8.06
  199     199        1  9374.94    0.00    9.21   19.78    9.64    4.40    8.12
  200     200        1  9441.95    0.00    9.28   19.82    9.81    4.44    8.19
  201     201        1  9508.96    0.00    9.34   19.85    9.97    4.48    8.26
  202     202        1  9575.97    0.00    9.41   19.88   10.13    4.52    8.32
  203     203        1  9642.97    0.00    9.47   19.91   10.30    4.56    8.39
  204     204        1  9709.98    0.00    9.54   19.93   10.46    4.60    8.45
  205     205        1  9776.99    0.00    9.61   19.95   10.62    4.64    8.52
  206     206        1  9844.00    0.00    9.67   19.97   10.78    4.68    8.58
  207     207        1  9911.01    0.00    9.74   19.98   10.94    4.73    8.64
  208     208        1  9978.01    0.00    9.80   19.99   11.10    4.77    8.71
  209     209        1 10045.02    0.00    9.87   20.00   11.25    4.82    8.77
  210     210        1 10112.03    0.00    9.93   20.00   11.41    4.86    8.83
  211     211        1 10179.04    0.00   10.00   20.00   11.56    4.91    8.89
  212     212        1 10246.04    0.00   10.07   19.99   11.72    4.96    8.95
  213     213        1 10313.05    0.00   10.13   19.98   11.87    5.01    9.01
  214     214        1 10380.06    0.00   10.20   19.97   12.02    5.06    9.07
  215     215        1 10447.07    0.00   10.26   19.95   12.17    5.11    9.13
  216     216        1 10514.08    0.00   10.33   19.93   12.32    5.16    9.19
  217     217        1 10581.08    0.00   10.40   19.91   12.47    5.21    9.25
  218     218        1 10648.09    0.00   10.46   19.88   12.61    5.26    9.31
  219     219        1 10715.10    0.00   10.53   19.85   12.76    5.31    9.36
  220     220        1 10782.11    0.00   10.59   19.82   12.90    5.37    9.42
  221     221        1 10849.12    0.00   10.66   19.78   13.04    5.42    9.47
  222     222        1 10916.12    0.00   10.72   19.73   13.18    5.48    9.53
  223     223        1 10983.13    0.00   10.79   19.69   13.31    5.53    9.58
  224     224        1 11050.14    0.00   10.86   19.64   13.45    5.59    9.64
  225     225        1 11117.15    0.00   10.92   19.59   13.58    5.64    9.69
  226     226        1 11184.15    0.00   10.99   19.53   13.72    5.70    9.74
  227     227        1 11251.16    0.00   11.05   19.47   13.85    5.76    9.79
  228     228        1 11318.17    0.00   11.12   19.40   13.98    5.82    9.84
  229     229        1 11385.18    0.00   11.19   19.34   14.10    5.88    9.89
  230     230        1 11452.19    0.00   11.25   19.27   14.23    5.94    9.94
  231     231        1 11519.19    0.00   11.32   19.19   14.35    5.99    9.99
  232     232        1 11586.20    0.00   11.38   19.11   14.47    6.05   10.04
  233     233        1 11653.21    0.00   11.45   19.03   14.59    6.12   10.08
  234     234        1 11720.22    0.00   11.51   18.95   14.70    6.18   10.13
  235     235        1 11787.22    0.00   11.58   18.86   14.82    6.24   10.18
  236     236        1 11854.23    0.00   11.65   18.77   14.93    6.30   10.22
  237     237        1 11921.24    0.00   11.71   18.67   15.04    6.36   10.27
  238     238        1 11988.25    0.00   11.78   18.58   15.15    6.42   10.31
  239     239        1 12055.26    0.00   11.84   18.47   15.25    6.49   10.35
  240     240        1 12122.26    0.00   11.91   18.37   15.36    6.55   10.40
  241     241        1 12189.27    0.00   11.98   18.26   15.46    6.61   10.44
  242     242        1 12256.28    0.00   12.04   18.15   15.55    6.68   10.48
  243     243        1 12323.29    0.00   12.11   18.04   15.65    6.74   10.52
  244     244        1 12390.29    0.00   12.17   17.92   15.74    6.80   10.56
  245     245        1 12457.30    0.00   12.24   17.80   15.84    6.87   10.60
  246     246        1 12524.31    0.00   12.30   17.68   15.92    6.93   10.63
  247     247        1 12591.32    0.00   12.37   17.55   16.01    7.00   10.67
  248     248        1 12658.33    0.00   12.44   17.42   16.09    7.06   10.71
  249     249        1 12725.33    0.00   12.50   17.29   16.17    7.13   10.74
  250     250        1 12792.34    0.00   12.57   17.15   16.25    7.19   10.78
  251     251        1 12859.35    0.00   12.63   17.01   16.33    7.26   10.81
  252     252        1 12926.36    0.00   12.70   16.87   16.40    7.32   10.84
  253     253        1 12993.37    0.00   12.77   16.73   16.47    7.39   10.88
  254     254        1 13060.37    0.00   12.83   16.58   16.54    7.45   10.91
  255     255        1 13127.38    0.00   12.90   16.43   16.61    7.52   10.94
  256     256        1 13194.39    0.00   12.96   16.28   16.67    7.58   10.97
  257     257        1 13261.40    0.00   13.03   16.13   16.73    7.65   11.00
  258     258        1 13328.40    0.00   13.09   15.97   16.79    7.71   11.03
  259     259        1 13395.41    0.00   13.16   15.81   16.84    7.78   11.05
  260     260        1 13462.42    0.00   13.23   15.65   16.89    7.84   11.08
  261     261        1 13529.43    0.00   13.29   15.48   16.94    7.91   11.11
  262     262        1 13596.44    0.00   13.36   15.32   16.99    7.97   11.13
  263     263        1 13663.44    0.00   13.42   15.15   17.03    8.04   11.16
  264     264        1 13730.45    0.00   13.49   14.98   17.07    8.10   11.18
  265     265        1 13797.46    0.00   13.56   14.80   17.11    8.16   11.20
  266     266        1 13864.47    0.00   13.62   14.63   17.14    8.23   11.22
  267     267        1 13931.47    0.00   13.69   14.45   17.17    8.29   11.25
  268     268        1 13998.48    0.00   13.75   14.27   17.20    8.36   11.27
  269     269        1 14065.49    0.00   13.82   14.09   17.23    8.42   11.29
  270     270        1 14132.50    0.00   13.88   13.90   17.25    8.48   11.30
  271     271        1 14199.51    0.00   13.95   13.72   17.27    8.55   11.32
  272     272        1 14266.51    0.00   14.02   13.53   17.29    8.61   11.34
  273     273        1 14333.52    0.00   14.08   13.34   17.31    8.67   11.36
  274     274        1 14400.53    0.00   14.15   13.15   17.32    8.73   11.37
  275     275        1 14467.54    0.00   14.21   12.96   17.33    8.79   11.39
  276     276        1 14534.54    0.00   14.28   12.76   17.33    8.85   11.40
  277     277        1 14601.55    0.00   14.35   12.57   17.33    8.91   11.41
  278     278        1 14668.56    0.00   14.41   12.37   17.33    8.98   11.43
  279     279        1 14735.57    0.00   14.48   12.17   17.33    9.03   11.44
  280     280        1 14802.58    0.00   14.54   11.97   17.33    9.09   11.45
  281     281        1 14869.58    0.00   14.61   11.77   17.32    9.15   11.46
  282     282        1 14936.59    0.00   14.67   11.57   17.31    9.21   11.47
  283     283        1 15003.60    0.00   14.74   11.36   17.29    9.27   11.48
  284     284        1 15070.61    0.00   14.81   11.16   17.27    9.33   11.49
  285     285        1 15137.62    0.00   14.87   10.95   17.25    9.38   11.49
  286     286        1 15204.62    0.00   14.94   10.74   17.23    9.44   11.50
  287     287        1 15271.63    0.00   15.00   10.54   17.20    9.50   11.51
  288     288        1 15338.64    0.00   15.07   10.33   17.17    9.55   11.51
  289     289        1 15405.65    0.00   15.14   10.12   17.14    9.61   11.51
  290     290        1 15472.65    0.00   15.20    9.91   17.11    9.66   11.52
  291     291        1 15539.66    0.00   15.27    9.69   17.07    9.71   11.52
  292     292        1 15606.67    0.00   15.33    9.48   17.03    9.76   11.52
  293     293        1 15673.68    0.00   15.40    9.27   16.99    9.82   11.52
  294     294        1 15740.69    0.00   15.46    9.06   16.94    9.87   11.52
  295     295        1 15807.69    0.00   15.53    8.84   16.89    9.92   11.52
  296     296        1 15874.70    0.00   15.60    8.63   16.84    9.97   11.52
  297     297        1 15941.71    0.00   15.66    8.41   16.79   10.02   11.52
  298     298        1 16008.72    0.00   15.73    8.20   16.73   10.07   11.52
  299     299        1 16075.72    0.00   15.79    7.98   16.67   10.11   11.52
  300     300        1 16142.73    0.00   15.86    7.77   16.61   10.16   11.51
  301     301        1 16209.74    0.00   15.93    7.55   16.54   10.21   11.51
  302     302        1 16276.75    0.00   15.99    7.34   16.47   10.25   11.50
  303     303        1 16343.76    0.00   16.06    7.12   16.40   10.30   11.50
  304     304        1 16410.75    0.00   16.12    6.91   16.33   10.34   11.49
  305     305        1 16477.74    0.00   16.19    6.69   16.25   10.38   11.48
  306     306        1 16544.72    0.00   16.25    6.48   16.17   10.42   11.47
  307     307        1 16611.71    0.00   16.32    6.26   16.09   10.46   11.47
  308     308        1 16678.69    0.00   16.39    6.05   16.01   10.50   11.46
  309     309        1 16745.68    0.00   16.45    5.84   15.92   10.54   11.45
  310     310        1 16812.66    0.00   16.52    5.62   15.84   10.58   11.44
  311     311        1 16879.64    0.00   16.58    5.41   15.74   10.62   11.42
  312     312        1 16946.63    0.00   16.65    5.20   15.65   10.66   11.41
  313     313        1 17013.61    0.00   16.71    4.99   15.55   10.69   11.40
  314     314        1 17080.60    0.00   16.78    4.78   15.46   10.73   11.39
  315     315        1 17147.58    0.00   16.85    4.57   15.36   10.76   11.37
  316     316        1 17214.57    0.00   16.91    4.36   15.25   10.79   11.36
  317     317        1 17281.55    0.00   16.98    4.15   15.15   10.82   11.34
  318     318        1 17348.54    0.00   17.04    3.95   15.04   10.85   11.33
  319     319        1 17415.52    0.00   17.11    3.74   14.93   10.88   11.31
  320     320        1 17482.50    0.00   17.18    3.54   14.82   10.91   11.29
  321     321        1 17549.49    0.00   17.24    3.33   14.70   10.94   11.28
  322     322        1 17616.47    0.00   17.31    3.13   14.59   10.97   11.26
  323     323        1 17683.46    0.00   17.37    2.93   14.47   10.99   11.24
  324     324        1 17750.44    0.00   17.44    2.73   14.35   11.02   11.22
  325     325        1 17817.43    0.00   17.50    2.53   14.23   11.04   11.20
  326     326        1 17884.41    0.00   17.57    2.33   14.10   11.06   11.18
  327     327        1 17951.39    0.00   17.64    2.14   13.98   11.09   11.16
  328     328        1 18018.38    0.00   17.70    1.95   13.85   11.11   11.14
  329     329        1 18085.36    0.00   17.77    1.75   13.72   11.12   11.12
  330     330        1 18152.35    0.00   17.83    1.56   13.58   11.14   11.10
  331     331        1 18219.33    0.00   17.90    1.37   13.45   11.16   11.07
  332     332        1 18286.32    0.00   17.97    1.19   13.31   11.18   11.05
  333     333        1 18353.30    0.00   18.03    1.00   13.18   11.19   11.03
  334     334        1 18420.29    0.00   18.10    0.82   13.04   11.21   11.00
  335     335        1 18487.27    0.00   18.16    0.64   12.90   11.22   10.98
  336     336        1 18554.25    0.00   18.23    0.46   12.76   11.23   10.95
  337     337        1 18621.24    0.00   18.29    0.28   12.61   11.24   10.93
  338     338        1 18688.22    0.00   18.36    0.11   12.47   11.25   10.90
  339     339        1 18755.21    0.00   18.43   -0.06   12.32   11.26   10.88
  340     340        1 18822.19    0.00   18.49   -0.23   12.17   11.27   10.85
  341     341        1 18889.18    0.00   18.56   -0.40   12.02   11.27   10.82
  342     342        1 18956.16    0.00   18.62   -0.57   11.87   11.28   10.80
  343     343        1 19023.14    0.00   18.69   -0.73   11.72   11.28   10.77
  344     344        1 19090.13    0.00   18.75   -0.89   11.56   11.28   10.74
  345     345        1 19157.11    0.00   18.82   -1.05   11.41   11.29   10.71
  346     346        1 19224.10    0.00   18.89   -1.20   11.25   11.29   10.68
  347     347        1 19291.08    0.00   18.95   -1.36   11.10   11.29   10.65
  348     348        1 19358.07    0.00   19.02   -1.51   10.94   11.28   10.62
  349     349        1 19425.05    0.00   19.08   -1.66   10.78   11.28   10.60
  350     350        1 19492.04    0.00   19.15   -1.80   10.62   11.28   10.56
  351     351        1 19559.02    0.00   19.22   -1.94   10.46   11.27   10.53
  352     352        1 19626.00    0.00   19.28   -2.08   10.30   11.27   10.50
  353     353        1 19692.99    0.00   19.35   -2.22   10.13   11.26   10.47
  354     354        1 19759.97    0.00   19.41   -2.35    9.97   11.25   10.44
  355     355        1 19826.96    0.00   19.48   -2.48    9.81   11.24   10.41
  356     356        1 19893.94    0.00   19.54   -2.61    9.64   11.23   10.38
  357     357        1 19960.93    0.00   19.61   -2.74    9.48   11.22   10.35
  358     358        1 20027.91    0.00   19.68   -2.86    9.31   11.21   10.31
  359     359        1 20094.89    0.00   19.74   -2.98    9.14   11.19   10.28
  360     360        1 20161.88    0.00   19.81   -3.09    8.98   11.18   10.25
  361     361        1 20228.86    0.00   19.87   -3.21    8.81   11.16   10.22
  362     362        1 20295.85    0.00   19.94   -3.32    8.64   11.14   10.18
  363     363        1 20362.83    0.00   20.01   -3.42    8.47   11.12   10.15
  364     364        1 20429.82    0.00   20.07   -3.53    8.30   11.11   10.12
  365     365        1 20496.80    0.00   20.14   -3.63    8.13   11.09   10.08
  366       1        2 20563.79    0.00   20.20   -3.72    7.97   11.06   10.05
  367       2        2 20630.77    0.00   20.27   -3.81    7.80   11.04   10.01
  368       3        2 20697.75    0.00   20.33   -3.90    7.63   11.02    9.98
  369       4        2 20764.74    0.00   20.40   -3.99    7.46   10.99    9.95
  370       5        2 20831.72    0.00   20.47   -4.07    7.29   10.97    9.91
  371       6        2 20898.71    0.00   20.53   -4.15    7.12   10.94    9.88
  372       7        2 20965.69    0.00   20.60   -4.23    6.95   10.91    9.84
  373       8        2 21032.68    0.00   20.66   -4.30    6.78   10.88    9.81
  374       9        2 21099.66    0.00   20.73   -4.37    6.61   10.85    9.77
  375      10        2 21166.64    0.00   20.79   -4.44    6.44   10.82    9.74
  376      11        2 21233.63    0.00   20.86   -4.50    6.28   10.79    9.70
  377      12        2 21300.61    0.00   20.93   -4.56    6.11   10.76    9.67
  378      13        2 21367.60    0.00   20.99   -4.61    5.94   10.73    9.64
  379      14        2 21434.58    0.00   21.06   -4.66    5.77   10.69    9.60
  380      15        2 21501.57    0.00   21.12   -4.71    5.61   10.66    9.57
  381      16        2 21568.55    0.00   21.19   -4.76    5.44   10.62    9.53
  382      17        2 21635.54    0.00   21.26   -4.80    5.28   10.58    9.50
  383      18        2 21702.52    0.00   21.32   -4.83    5.11   10.54    9.46
  384      19        2 21769.50    0.00   21.39   -4.87    4.95   10.50    9.43
  385      20        2 21836.49    0.00   21.45   -4.90    4.78   10.46    9.39
  386      21        2 21903.47    0.00   21.52   -4.92    4.62   10.42    9.36
  387      22        2 21970.46    0.00   21.58   -4.94    4.46   10.38    9.32
  388      23        2 22037.44    0.00   21.65   -4.96    4.30   10.34    9.29
  389      24        2 22104.43    0.00   21.72   -4.98    4.14   10.30    9.25
  390      25        2 22171.41    0.00   21.78   -4.99    3.98   10.25    9.22
  391      26        2 22238.39    0.00   21.85   -5.00    3.82   10.21    9.18
  392      27        2 22305.38    0.00   21.91   -5.00    3.67   10.16    9.15
  393      28        2 22372.36    0.00   21.98   -5.00    3.51   10.11    9.12
  394      29        2 22439.35    0.00   22.05   -5.00    3.36   10.07    9.08
  395      30        2 22506.33    0.00   22.11   -4.99    3.21   10.02    9.05
  396      31        2 22573.32    0.00   22.18   -4.98    3.05    9.97    9.02
  397      32        2 22640.30    0.00   22.24   -4.96    2.90    9.92    8.98
  398      33        2 22707.29    0.00   22.31   -4.94    2.75    9.87    8.95
  399      34        2 22774.27    0.00   22.37   -4.92    2.61    9.82    8.92
  400      35        2 22841.25    0.00   22.44   -4.90    2.46    9.76    8.88
  401      36        2 22908.24    0.00   22.51   -4.87    2.32    9.71    8.85
  402      37        2 22975.22    0.00   22.57   -4.83    2.17    9.66    8.82
  403      38        2 23042.21    0.00   22.64   -4.80    2.03    9.61    8.78
  404      39        2 23109.19    0.00   22.70   -4.76    1.89    9.55    8.75
  405      40        2 23176.18    0.00   22.77   -4.71    1.75    9.50    8.72
  406      41        2 23243.16    0.00   22.83   -4.66    1.62    9.44    8.69
  407      42        2 23310.14    0.00   22.90   -4.61    1.48    9.38    8.66
  408      43        2 23377.13    0.00   22.97   -4.56    1.35    9.33    8.63
  409      44        2 23444.11    0.00   23.03   -4.50    1.22    9.27    8.60
  410      45        2 23511.10    0.00   23.10   -4.44    1.09    9.21    8.56
  411      46        2 23578.08    0.00   23.16   -4.37    0.96    9.15    8.53
  412      47        2 23645.07    0.00   23.23   -4.30    0.84    9.09    8.50
  413      48        2 23712.05    0.00   23.30   -4.23    0.71    9.03    8.47
  414      49        2 23779.04    0.00   23.36   -4.15    0.59    8.98    8.45
  415      50        2 23846.02    0.00   23.43   -4.07    0.47    8.91    8.42
  416      51        2 23913.00    0.00   23.49   -3.99    0.35    8.85    8.39
  417      52        2 23979.99    0.00   23.56   -3.90    0.24    8.79    8.36
  418      53        2 24046.97    0.00   23.62   -3.81    0.13    8.73    8.33
  419      54        2 24113.96    0.00   23.69   -3.72    0.01    8.67    8.30
  420      55        2 24180.94    0.00   23.76   -3.63   -0.09    8.61    8.27
  421      56        2 24247.93    0.00   23.82   -3.53   -0.20    8.55    8.25
  422      57        2 24314.91    0.00   23.89   -3.42   -0.30    8.48    8.22
  423      58        2 24381.89    0.00   23.95   -3.32   -0.41    8.42    8.19
  424      59        2 24448.88    0.00   24.02   -3.21   -0.51    8.36    8.17
  425      60        2 24515.86    0.00   24.09   -3.09   -0.60    8.29    8.14
  426      61        2 24582.85    0.00   24.15   -2.98   -0.70    8.23    8.12
  427      62        2 24649.83    0.00   24.22   -2.86   -0.79    8.16    8.09
  428      63        2 24716.82    0.00   24.28   -2.74   -0.88    8.10    8.07
  429      64        2 24783.80    0.00   24.35   -2.61   -0.97    8.04    8.04
  430      65        2 24850.79    0.00   24.41   -2.48   -1.05    7.97    8.02
  431      66        2 24917.77    0.00   24.48   -2.35   -1.13    7.91    8.00
  432      67        2 24984.75    0.00   24.55   -2.22   -1.21    7.84    7.97
  433      68        2 25051.74    0.00   24.61   -2.08   -1.29    7.78    7.95
  434      69        2 25118.72    0.00   24.68   -1.94   -1.37    7.71    7.93
  435      70        2 25185.71    0.00   24.74   -1.80   -1.44    7.65    7.91
  436      71        2 25252.69    0.00   24.81   -1.66   -1.51    7.58    7.88
  437      72        2 25319.68    0.00   24.88   -1.51   -1.57    7.52    7.86
  438      73        2 25386.66    0.00   24.94   -1.36   -1.64    7.45    7.84
  439      74        2 25453.64    0.00   25.01   -1.20   -1.70    7.39    7.82
  440      75        2  1067.00    0.00    1.05   -1.05   -1.76    7.32    7.70
  441      76        2  1134.00    0.00    1.11   -0.89   -1.81    7.26    7.50
  442      77        2  1201.00    0.00    1.18   -0.73   -1.87    7.19    7.33
  443      78        2  1268.00    0.00    1.25   -0.57   -1.92    7.13    7.17
  444      79        2  1335.00    0.00    1.31   -0.40   -1.96    7.06    7.03
  445      80        2  1401.99    0.00    1.38   -0.23   -2.01    7.00    6.90
  446      81        2  1468.99    0.00    1.44   -0.06   -2.05    6.93    6.79
  447      82        2  1535.99    0.00    1.51    0.11   -2.09    6.87    6.69
  448      83        2  1602.99    0.00    1.57    0.28   -2.13    6.80    6.59
  449      84        2  1669.99    0.00    1.64    0.46   -2.16    6.74    6.51
  450      85        2  1736.99    0.00    1.71    0.64   -2.19    6.68    6.44
  451      86        2  1803.99    0.00    1.77    0.82   -2.22    6.61    6.37
  452      87        2  1870.99    0.00    1.84    1.00   -2.24    6.55    6.31
  453      88        2  1937.99    0.00    1.90    1.19   -2.26    6.49    6.26
  454      89        2  2004.99    0.00    1.97    1.37   -2.28    6.42    6.21
  455      90        2  2071.99    0.00    2.04    1.56   -2.30    6.36    6.17
  456      91        2  2138.99    0.00    2.10    1.75   -2.31    6.30    6.13
  457      92        2  2205.99    0.00    2.17    1.95   -2.32    6.24    6.10
  458      93        2  2272.99    0.00    2.23    2.14   -2.33    6.18    6.07
  459      94        2  2339.99    0.00    2.30    2.33   -2.33    6.12    6.05
  460      95        2  2407.00    0.00    2.36    2.53   -2.33    6.05    6.03
  461      96        2  2474.00    0.00    2.43    2.73   -2.33    5.99    6.01
  462      97        2  2541.00    0.00    2.50    2.93   -2.33    5.94    6.00
  463      98        2  2608.00    0.00    2.56    3.13   -2.32    5.88    5.99
  464      99        2  2675.00    0.00    2.63    3.33   -2.31    5.82    5.98
  465     100        2  2742.01    0.00    2.69    3.54   -2.30    5.76    5.98
  466     101        2  2809.01    0.00    2.76    3.74   -2.28    5.70    5.98
  467     102        2  2876.01    0.00    2.83    3.95   -2.26    5.64    5.98
  468     103        2  2943.01    0.00    2.89    4.15   -2.24    5.59    5.98
  469     104        2  3010.01    0.00    2.96    4.36   -2.22    5.53    5.99
  470     105        2  3077.02    0.00    3.02    4.57   -2.19    5.48    6.00
  471     106        2  3144.02    0.00    3.09    4.78   -2.16    5.42    6.01
  472     107        2  3211.02    0.00    3.15    4.99   -2.13    5.37    6.02
  473     108        2  3278.02    0.00    3.22    5.20   -2.09    5.31    6.04
  474     109        2  3345.02    0.00    3.29    5.41   -2.05    5.26    6.05
  475     110        2  3412.02    0.00    3.35    5.62   -2.01    5.21    6.07
  476     111        2  3479.03    0.00    3.42    5.84   -1.96    5.16    6.09
  477     112        2  3546.03    0.00    3.48    6.05   -1.92    5.11    6.11
  478     113        2  3613.03    0.00    3.55    6.26   -1.87    5.06    6.14
  479     114        2  3680.03    0.00    3.62    6.48   -1.81    5.01    6.16
  480     115        2  3747.03    0.00    3.68    6.69   -1.76    4.96    6.19
  481     116        2  3814.04    0.00    3.75    6.91   -1.70    4.91    6.22
  482     117        2  3881.04    0.00    3.81    7.12   -1.64    4.86    6.24
  483     118        2  3948.04    0.00    3.88    7.34   -1.57    4.82    6.28
  484     119        2  4015.04    0.00    3.94    7.55   -1.51    4.77    6.31
  485     120        2  4082.04    0.00    4.01    7.77   -1.44    4.73    6.34
  486     121        2  4149.04    0.00    4.08    7.98   -1.37    4.68    6.37
  487     122        2  4216.04    0.00    4.14    8.20   -1.29    4.64    6.41
  488     123        2  4283.03    0.00    4.21    8.41   -1.21    4.60    6.45
  489     124        2  4350.03    0.00    4.27    8.63   -1.13    4.56    6.48
  490     125        2  4417.03    0.00    4.34    8.84   -1.05    4.52    6.52
  491     126        2  4484.02    0.00    4.41    9.06   -0.97    4.48    6.56
  492     127        2  4551.02    0.00    4.47    9.27   -0.88    4.44    6.60
  493     128        2  4618.01    0.00    4.54    9.48   -0.79    4.40    6.64
  494     129        2  4685.01    0.00    4.60    9.69   -0.70    4.36    6.69
  495     130        2  4752.01    0.00    4.67    9.91   -0.60    4.33    6.73
  496     131        2  4819.00    0.00    4.73   10.12   -0.51    4.29    6.77
  497     132        2  4886.00    0.00    4.80   10.33   -0.41    4.26    6.82
  498     133        2  4952.99    0.00    4.87   10.54   -0.30    4.22    6.86
  499     134        2  5019.99    0.00    4.93   10.74   -0.20    4.19    6.91
  500     135        2  5086.99    0.00    5.00   10.95   -0.09    4.16    6.96
  501     136        2  5153.98    0.00    5.06   11.16    0.01    4.13    7.00
  502     137        2  5220.98    0.00    5.13   11.36    0.13    4.10    7.05
  503     138        2  5287.98    0.00    5.20   11.57    0.24    4.07    7.10
  504     139        2  5354.97    0.00    5.26   11.77    0.35    4.05    7.15
  505     140        2  5421.97    0.00    5.33   11.97    0.47    4.02    7.20
  506     141        2  5488.96    0.00    5.39   12.17    0.59    3.99    7.25
  507     142        2  5555.96    0.00    5.46   12.37    0.71    3.97    7.30
  508     143        2  5622.96    0.00    5.52   12.57    0.84    3.95    7.36
  509     144        2  5689.95    0.00    5.59   12.76    0.96    3.93    7.41
  510     145        2  5756.95    0.00    5.66   12.96    1.09    3.90    7.46
  511     146        2  5823.94    0.00    5.72   13.15    1.22    3.88    7.52
  512     147        2  5890.94    0.00    5.79   13.34    1.35    3.87    7.57
  513     148        2  5957.94    0.00    5.85   13.53    1.48    3.85    7.62
  514     149        2  6024.93    0.00    5.92   13.72    1.62    3.83    7.68
  515     150        2  6091.93    0.00    5.98   13.90    1.75    3.82    7.73
  516     151        2  6158.92    0.00    6.05   14.09    1.89    3.80    7.79
  517     152        2  6225.92    0.00    6.12   14.27    2.03    3.79    7.84
  518     153        2  6292.92    0.00    6.18   14.45    2.17    3.78    7.90
  519     154        2  6359.91    0.00    6.25   14.63    2.32    3.76    7.96
  520     155        2  6426.91    0.00    6.31   14.80    2.46    3.75    8.01
  521     156        2  6493.90    0.00    6.38   14.98    2.61    3.75    8.07
  522     157        2  6560.90    0.00    6.45   15.15    2.75    3.74    8.13
  523     158        2  6627.90    0.00    6.51   15.32    2.90    3.73    8.19
  524     159        2  6694.89    0.00    6.58   15.48    3.05    3.73    8.24
  525     160        2  6761.89    0.00    6.64   15.65    3.21    3.72    8.30
  526     161        2  6828.89    0.00    6.71   15.81    3.36    3.72    8.36
  527     162        2  6895.88    0.00    6.77   15.97    3.51    3.72    8.42
  528     163        2  6962.88    0.00    6.84   16.13    3.67    3.71    8.48
  529     164        2  7029.87    0.00    6.91   16.28    3.82    3.71    8.54
  530     165        2  7096.87    0.00    6.97   16.43    3.98    3.72    8.60
  531     166        2  7163.87    0.00    7.04   16.58    4.14    3.72    8.66
  532     167        2  7230.86    0.00    7.10   16.73    4.30    3.72    8.71
  533     168        2  7297.86    0.00    7.17   16.87    4.46    3.73    8.77
  534     169        2  7364.85    0.00    7.24   17.01    4.62    3.73    8.83
  535     170        2  7431.85    0.00    7.30   17.15    4.78    3.74    8.89
  536     171        2  7498.85    0.00    7.37   17.29    4.95    3.75    8.95
  537     172        2  7565.84    0.00    7.43   17.42    5.11    3.75    9.01
  538     173        2  7632.84    0.00    7.50   17.55    5.28    3.76    9.07
  539     174        2  7699.83    0.00    7.56   17.68    5.44    3.78    9.13
  540     175        2  7766.83    0.00    7.63   17.80    5.61    3.79    9.19
  541     176        2  7833.83    0.00    7.70   17.92    5.77    3.80    9.25
  542     177        2  7900.82    0.00    7.76   18.04    5.94    3.82    9.31
  543     178        2  7967.82    0.00    7.83   18.15    6.11    3.83    9.37
  544     179        2  8034.81    0.00    7.89   18.26    6.28    3.85    9.43
  545     180        2  8101.81    0.00    7.96   18.37    6.44    3.87    9.49
  546     181        2  8168.81    0.00    8.03   18.47    6.61    3.88    9.54
  547     182        2  8235.81    0.00    8.09   18.58    6.78    3.90    9.60
  548     183        2  8302.82    0.00    8.16   18.67    6.95    3.93    9.66
  549     184        2  8369.83    0.00    8.22   18.77    7.12    3.95    9.72
  550     185        2  8436.83    0.00    8.29   18.86    7.29    3.97    9.78
  551     186        2  8503.84    0.00    8.35   18.95    7.46    3.99    9.84
  552     187        2  8570.85    0.00    8.42   19.03    7.63    4.02    9.90
  553     188        2  8637.86    0.00    8.49   19.11    7.80    4.05    9.95
  554     189        2  8704.87    0.00    8.55   19.19    7.97    4.07   10.01
  555     190        2  8771.87    0.00    8.62   19.27    8.13    4.10   10.07
  556     191        2  8838.88    0.00    8.68   19.34    8.30    4.13   10.13
  557     192        2  8905.89    0.00    8.75   19.40    8.47    4.16   10.18
  558     193        2  8972.90    0.00    8.82   19.47    8.64    4.19   10.24
  559     194        2  9039.90    0.00    8.88   19.53    8.81    4.22   10.30
  560     195        2  9106.91    0.00    8.95   19.59    8.98    4.26   10.35
  561     196        2  9173.92    0.00    9.01   19.64    9.14    4.29   10.41
  562     197        2  9240.93    0.00    9.08   19.69    9.31    4.33   10.46
  563     198        2  9307.94    0.00    9.14   19.73    9.48    4.36   10.52
  564     199        2  9374.94    0.00    9.21   19.78    9.64    4.40   10.58
  565     200        2  9441.95    0.00    9.28   19.82    9.81    4.44   10.63
  566     201        2  9508.96    0.00    9.34   19.85    9.97    4.48   10.68
  567     202        2  9575.97    0.00    9.41   19.88   10.13    4.52   10.74
  568     203        2  9642.97    0.00    9.47   19.91   10.30    4.56   10.79
  569     204        2  9709.98    0.00    9.54   19.93   10.46    4.60   10.84
  570     205        2  9776.99    0.00    9.61   19.95   10.62    4.64   10.90
  571     206        2  9844.00    0.00    9.67   19.97   10.78    4.68   10.95
  572     207        2  9911.01    0.00    9.74   19.98   10.94    4.73   11.00
  573     208        2  9978.01    0.00    9.80   19.99   11.10    4.77   11.05
  574     209        2 10045.02    0.00    9.87   20.00   11.25    4.82   11.11
  575     210        2 10112.03    0.00    9.93   20.00   11.41    4.86   11.16
  576     211        2 10179.04    0.00   10.00   20.00   11.56    4.91   11.21
  577     212        2 10246.04    0.00   10.07   19.99   11.72    4.96   11.26
  578     213        2 10313.05    0.00   10.13   19.98   11.87    5.01   11.31
  579     214        2 10380.06    0.00   10.20   19.97   12.02    5.06   11.35
  580     215        2 10447.07    0.00   10.26   19.95   12.17    5.11   11.40
  581     216        2 10514.08    0.00   10.33   19.93   12.32    5.16   11.45
  582     217        2 10581.08    0.00   10.40   19.91   12.47    5.21   11.50
  583     218        2 10648.09    0.00   10.46   19.88   12.61    5.26   11.54
  584     219        2 10715.10    0.00   10.53   19.85   12.76    5.31   11.59
  585     220        2 10782.11    0.00   10.59   19.82   12.90    5.37   11.64
  586     221        2 10849.12    0.00   10.66   19.78   13.04    5.42   11.68
  587     222        2 10916.12    0.00   10.72   19.73   13.18    5.48   11.73
  588     223        2 10983.13    0.00   10.79   19.69   13.31    5.53   11.77
  589     224        2 11050.14    0.00   10.86   19.64   13.45    5.59   11.81
  590     225        2 11117.15    0.00   10.92   19.59   13.58    5.64   11.86
  591     226        2 11184.15    0.00   10.99   19.53   13.72    5.70   11.90
  592     227        2 11251.16    0.00   11.05   19.47   13.85    5.76   11.94
  593     228        2 11318.17    0.00   11.12   19.40   13.98    5.82   11.98
  594     229        2 11385.18    0.00   11.19   19.34   14.10    5.88   12.02
  595     230        2 11452.19    0.00   11.25   19.27   14.23    5.94   12.06
  596     231        2 11519.19    0.00   11.32   19.19   14.35    5.99   12.10
  597     232        2 11586.20    0.00   11.38   19.11   14.47    6.05   12.14
  598     233        2 11653.21    0.00   11.45   19.03   14.59    6.12   12.18
  599     234        2 11720.22    0.00   11.51   18.95   14.70    6.18   12.22
  600     235        2 11787.22    0.00   11.58   18.86   14.82    6.24   12.26
  601     236        2 11854.23    0.00   11.65   18.77   14.93    6.30   12.29
  602     237        2 11921.24    0.00   11.71   18.67   15.04    6.36   12.33
  603     238        2 11988.25    0.00   11.78   18.58   15.15    6.42   12.36
  604     239        2 12055.26    0.00   11.84   18.47   15.25    6.49   12.40
  605     240        2 12122.26    0.00   11.91   18.37   15.36    6.55   12.43
  606     241        2 12189.27    0.00   11.98   18.26   15.46    6.61   12.46
  607     242        2 12256.28    0.00   12.04   18.15   15.55    6.68   12.50
  608     243        2 12323.29    0.00   12.11   18.04   15.65    6.74   12.53
  609     244        2 12390.29    0.00   12.17   17.92   15.74    6.80   12.56
  610     245        2 12457.30    0.00   12.24   17.80   15.84    6.87   12.59
  611     246        2 12524.31    0.00   12.30   17.68   15.92    6.93   12.62
  612     247        2 12591.32    0.00   12.37   17.55   16.01    7.00   12.65
  613     248        2 12658.33    0.00   12.44   17.42   16.09    7.06   12.68
  614     249        2 12725.33    0.00   12.50   17.29   16.17    7.13   12.70
  615     250        2 12792.34    0.00   12.57   17.15   16.25    7.19   12.73
  616     251        2 12859.35    0.00   12.63   17.01   16.33    7.26   12.76
  617     252        2 12926.36    0.00   12.70   16.87   16.40    7.32   12.78
  618     253        2 12993.37    0.00   12.77   16.73   16.47    7.39   12.81
  619     254        2 13060.37    0.00   12.83   16.58   16.54    7.45   12.83
  620     255        2 13127.38    0.00   12.90   16.43   16.61    7.52   12.85
  621     256        2 13194.39    0.00   12.96   16.28   16.67    7.58   12.87
  622     257        2 13261.40    0.00   13.03   16.13   16.73    7.65   12.90
  623     258        2 13328.40    0.00   13.09   15.97   16.79    7.71   12.92
  624     259        2 13395.41    0.00   13.16   15.81   16.84    7.78   12.94
  625     260        2 13462.42    0.00   13.23   15.65   16.89    7.84   12.96
  626     261        2 13529.43    0.00   13.29   15.48   16.94    7.91   12.98
  627     262        2 13596.44    0.00   13.36   15.32   16.99    7.97   12.99
  628     263        2 13663.44    0.00   13.42   15.15   17.03    8.04   13.01
  629     264        2 13730.45    0.00   13.49   14.98   17.07    8.10   13.03
  630     265        2 13797.46    0.00   13.56   14.80   17.11    8.16   13.04
  631     266        2 13864.47    0.00   13.62   14.63   17.14    8.23   13.06
  632     267        2 13931.47    0.00   13.69   14.45   17.17    8.29   13.07
  633     268        2 13998.48    0.00   13.75   14.27   17.20    8.36   13.09
  634     269        2 14065.49    0.00   13.82   14.09   17.23    8.42   13.10
  635     270        2 14132.50    0.00   13.88   13.90   17.25    8.48   13.11
  636     271        2 14199.51    0.00   13.95   13.72   17.27    8.55   13.12
  637     272        2 14266.51    0.00   14.02   13.53   17.29    8.61   13.13
  638     273        2 14333.52    0.00   14.08   13.34   17.31    8.67   13.14
  639     274        2 14400.53    0.00   14.15   13.15   17.32    8.73   13.15
  640     275        2 14467.54    0.00   14.21   12.96   17.33    8.79   13.16
  641     276        2 14534.54    0.00   14.28   12.76   17.33    8.85   13.17
  642     277        2 14601.55    0.00   14.35   12.57   17.33    8.91   13.18
  643     278        2 14668.56    0.00   14.41   12.37   17.33    8.98   13.18
  644     279        2 14735.57    0.00   14.48   12.17   17.33    9.03   13.19
  645     280        2 14802.58    0.00   14.54   11.97   17.33    9.09   13.19
  646     281        2 14869.58    0.00   14.61   11.77   17.32    9.15   13.20
  647     282        2 14936.59    0.00   14.67   11.57   17.31    9.21   13.20
  648     283        2 15003.60    0.00   14.74   11.36   17.29    9.27   13.20
  649     284        2 15070.61    0.00   14.81   11.16   17.27    9.33   13.20
  650     285        2 15137.62    0.00   14.87   10.95   17.25    9.38   13.20
  651     286        2 15204.62    0.00   14.94   10.74   17.23    9.44   13.20
  652     287        2 15271.63    0.00   15.00   10.54   17.20    9.50   13.20
  653     288        2 15338.64    0.00   15.07   10.33   17.17    9.55   13.20
  654     289        2 15405.65    0.00   15.14   10.12   17.14    9.61   13.20
  655     290        2 15472.65    0.00   15.20    9.91   17.11    9.66   13.20
  656     291        2 15539.66    0.00   15.27    9.69   17.07    9.71   13.20
  657     292        2 15606.67    0.00   15.33    9.48   17.03    9.76   13.19
  658     293        2 15673.68    0.00   15.40    9.27   16.99    9.82   13.19
  659     294        2 15740.69    0.00   15.46    9.06   16.94    9.87   13.18
  660     295        2 15807.69    0.00   15.53    8.84   16.89    9.92   13.18
  661     296        2 15874.70    0.00   15.60    8.63   16.84    9.97   13.17
  662     297        2 15941.71    0.00   15.66    8.41   16.79   10.02   13.16
  663     298        2 16008.72    0.00   15.73    8.20   16.73   10.07   13.15
  664     299        2 16075.72    0.00   15.79    7.98   16.67   10.11   13.14
  665     300        2 16142.73    0.00   15.86    7.77   16.61   10.16   13.14
  666     301        2 16209.74    0.00   15.93    7.55   16.54   10.21   13.12
  667     302        2 16276.75    0.00   15.99    7.34   16.47   10.25   13.11
  668     303        2 16343.76    0.00   16.06    7.12   16.40   10.30   13.10
  669     304        2 16410.75    0.00   16.12    6.91   16.33   10.34   13.09
  670     305        2 16477.74    0.00   16.19    6.69   16.25   10.38   13.08
  671     306        2 16544.72    0.00   16.25    6.48   16.17   10.42   13.06
  672     307        2 16611.71    0.00   16.32    6.26   16.09   10.46   13.05
  673     308        2 16678.69    0.00   16.39    6.05   16.01   10.50   13.04
  674     309        2 16745.68    0.00   16.45    5.84   15.92   10.54   13.02
  675     310        2 16812.66    0.00   16.52    5.62   15.84   10.58   13.00
  676     311        2 16879.64    0.00   16.58    5.41   15.74   10.62   12.99
  677     312        2 16946.63    0.00   16.65    5.20   15.65   10.66   12.97
  678     313        2 17013.61    0.00   16.71    4.99   15.55   10.69   12.95
  679     314        2 17080.60    0.00   16.78    4.78   15.46   10.73   12.94
  680     315        2 17147.58    0.00   16.85    4.57   15.36   10.76   12.92
  681     316        2 17214.57    0.00   16.91    4.36   15.25   10.79   12.90
  682     317        2 17281.55    0.00   16.98    4.15   15.15   10.82   12.88
  683     318        2 17348.54    0.00   17.04    3.95   15.04   10.85   12.86
  684     319        2 17415.52    0.00   17.11    3.74   14.93   10.88   12.83
  685     320        2 17482.50    0.00   17.18    3.54   14.82   10.91   12.81
  686     321        2 17549.49    0.00   17.24    3.33   14.70   10.94   12.79
  687     322        2 17616.47    0.00   17.31    3.13   14.59   10.97   12.77
  688     323        2 17683.46    0.00   17.37    2.93   14.47   10.99   12.74
  689     324        2 17750.44    0.00   17.44    2.73   14.35   11.02   12.72
  690     325        2 17817.43    0.00   17.50    2.53   14.23   11.04   12.70
  691     326        2 17884.41    0.00   17.57    2.33   14.10   11.06   12.67
  692     327        2 17951.39    0.00   17.64    2.14   13.98   11.09   12.65
  693     328        2 18018.38    0.00   17.70    1.95   13.85   11.11   12.62
  694     329        2 18085.36    0.00   17.77    1.75   13.72   11.12   12.59
  695     330        2 18152.35    0.00   17.83    1.56   13.58   11.14   12.57
  696     331        2 18219.33    0.00   17.90    1.37   13.45   11.16   12.54
  697     332        2 18286.32    0.00   17.97    1.19   13.31   11.18   12.51
  698     333        2 18353.30    0.00   18.03    1.00   13.18   11.19   12.48
  699     334        2 18420.29    0.00   18.10    0.82   13.04   11.21   12.46
  700     335        2 18487.27    0.00   18.16    0.64   12.90   11.22   12.43
  701     336        2 18554.25    0.00   18.23    0.46   12.76   11.23   12.40
  702     337        2 18621.24    0.00   18.29    0.28   12.61   11.24   12.37
  703     338        2 18688.22    0.00   18.36    0.11   12.47   11.25   12.34
  704     339        2 18755.21    0.00   18.43   -0.06   12.32   11.26   12.31
  705     340        2 18822.19    0.00   18.49   -0.23   12.17   11.27   12.28
  706     341        2 18889.18    0.00   18.56   -0.40   12.02   11.27   12.24
  707     342        2 18956.16    0.00   18.62   -0.57   11.87   11.28   12.21
  708     343        2 19023.14    0.00   18.69   -0.73   11.72   11.28   12.18
  709     344        2 19090.13    0.00   18.75   -0.89   11.56   11.28   12.15
  710     345        2 19157.11    0.00   18.82   -1.05   11.41   11.29   12.11
  711     346        2 19224.10    0.00   18.89   -1.20   11.25   11.29   12.08
  712     347        2 19291.08    0.00   18.95   -1.36   11.10   11.29   12.05
  713     348        2 19358.07    0.00   19.02   -1.51   10.94   11.28   12.01
  714     349        2 19425.05    0.00   19.08   -1.66   10.78   11.28   11.98
  715     350        2 19492.04    0.00   19.15   -1.80   10.62   11.28   11.95
  716     351        2 19559.02    0.00   19.22   -1.94   10.46   11.27   11.91
  717     352        2 19626.00    0.00   19.28   -2.08   10.30   11.27   11.88
  718     353        2 19692.99    0.00   19.35   -2.22   10.13   11.26   11.84
  719     354        2 19759.97    0.00   19.41   -2.35    9.97   11.25   11.81
  720     355        2 19826.96    0.00   19.48   -2.48    9.81   11.24   11.77
  721     356        2 19893.94    0.00   19.54   -2.61    9.64   11.23   11.73
  722     357        2 19960.93    0.00   19.61   -2.74    9.48   11.22   11.70
  723     358        2 20027.91    0.00   19.68   -2.86    9.31   11.21   11.66
  724     359        2 20094.89    0.00   19.74   -2.98    9.14   11.19   11.63
  725     360        2 20161.88    0.00   19.81   -3.09    8.98   11.18   11.59
  726     361        2 20228.86    0.00   19.87   -3.21    8.81   11.16   11.55
  727     362        2 20295.85    0.00   19.94   -3.32    8.64   11.14   11.51
  728     363        2 20362.83    0.00   20.01   -3.42    8.47   11.12   11.48
  729     364        2 20429.82    0.00   20.07   -3.53    8.30   11.11   11.44
  730     365        2 20496.80    0.00   20.14   -3.63    8.13   11.09   11.40
  731       1        3 20563.79    0.00   20.20   -3.72    7.97   11.06   11.36
  732       2        3 20630.77    0.00   20.27   -3.81    7.80   11.04   11.33
  733       3        3 20697.75    0.00   20.33   -3.90    7.63   11.02   11.29
  734       4        3 20764.74    0.00   20.40   -3.99    7.46   10.99   11.25
  735       5        3 20831.72    0.00   20.47   -4.07    7.29   10.97   11.21
  736       6        3 20898.71    0.00   20.53   -4.15    7.12   10.94   11.17
  737       7        3 20965.69    0.00   20.60   -4.23    6.95   10.91   11.14
  738       8        3 21032.68    0.00   20.66   -4.30    6.78   10.88   11.10
  739       9        3 21099.66    0.00   20.73   -4.37    6.61   10.85   11.06
  740      10        3 21166.64    0.00   20.79   -4.44    6.44   10.82   11.02
  741      11        3 21233.63    0.00   20.86   -4.50    6.28   10.79   10.98
  742      12        3 21300.61    0.00   20.93   -4.56    6.11   10.76   10.94
  743      13        3 21367.60    0.00   20.99   -4.61    5.94   10.73   10.91
  744      14        3 21434.58    0.00   21.06   -4.66    5.77   10.69   10.87
  745      15        3 21501.57    0.00   21.12   -4.71    5.61   10.66   10.83
  746      16        3 21568.55    0.00   21.19   -4.76    5.44   10.62   10.79
  747      17        3 21635.54    0.00   21.26   -4.80    5.28   10.58   10.75
  748      18        3 21702.52    0.00   21.32   -4.83    5.11   10.54   10.71
  749      19        3 21769.50    0.00   21.39   -4.87    4.95   10.50   10.68
  750      20        3 21836.49    0.00   21.45   -4.90    4.78   10.46   10.64
  751      21        3 21903.47    0.00   21.52   -4.92    4.62   10.42   10.60
  752      22        3 21970.46    0.00   21.58   -4.94    4.46   10.38   10.56
  753      23        3 22037.44    0.00   21.65   -4.96    4.30   10.34   10.52
  754      24        3 22104.43    0.00   21.72   -4.98    4.14   10.30   10.48
  755      25        3 22171.41    0.00   21.78   -4.99    3.98   10.25   10.45
  756      26        3 22238.39    0.00   21.85   -5.00    3.82   10.21   10.41
  757      27        3 22305.38    0.00   21.91   -5.00    3.67   10.16   10.37
  758      28        3 22372.36    0.00   21.98   -5.00    3.51   10.11   10.33
  759      29        3 22439.35    0.00   22.05   -5.00    3.36   10.07   10.30
  760      30        3 22506.33    0.00   22.11   -4.99    3.21   10.02   10.26
  761      31        3 22573.32    0.00   22.18   -4.98    3.05    9.97   10.22
  762      32        3 22640.30    0.00   22.24   -4.96    2.90    9.92   10.19
  763      33        3 22707.29    0.00   22.31   -4.94    2.75    9.87   10.15
  764      34        3 22774.27    0.00   22.37   -4.92    2.61    9.82   10.11
  765      35        3 22841.25    0.00   22.44   -4.90    2.46    9.76   10.08
  766      36        3 22908.24    0.00   22.51   -4.87    2.32    9.71   10.04
  767      37        3 22975.22    0.00   22.57   -4.83    2.17    9.66   10.00
  768      38        3 23042.21    0.00   22.64   -4.80    2.03    9.61    9.97
  769      39        3 23109.19    0.00   22.70   -4.76    1.89    9.55    9.93
  770      40        3 23176.18    0.00   22.77   -4.71    1.75    9.50    9.90
  771      41        3 23243.16    0.00   22.83   -4.66    1.62    9.44    9.86
  772      42        3 23310.14    0.00   22.90   -4.61    1.48    9.38    9.83
  773      43        3 23377.13    0.00   22.97   -4.56    1.35    9.33    9.79
  774      44        3 23444.11    0.00   23.03   -4.50    1.22    9.27    9.76
  775      45        3 23511.10    0.00   23.10   -4.44    1.09    9.21    9.73
  776      46        3 23578.08    0.00   23.16   -4.37    0.96    9.15    9.69
  777      47        3 23645.07    0.00   23.23   -4.30    0.84    9.09    9.66
  778      48        3 23712.05    0.00   23.30   -4.23    0.71    9.03    9.63
  779      49        3 23779.04    0.00   23.36   -4.15    0.59    8.98    9.59
  780      50        3 23846.02    0.00   23.43   -4.07    0.47    8.91    9.56
  781      51        3 23913.00    0.00   23.49   -3.99    0.35    8.85    9.53
  782      52        3 23979.99    0.00   23.56   -3.90    0.24    8.79    9.50
  783      53        3 24046.97    0.00   23.62   -3.81    0.13    8.73    9.47
  784      54        3 24113.96    0.00   23.69   -3.72    0.01    8.67    9.43
  785      55        3 24180.94    0.00   23.76   -3.63   -0.09    8.61    9.40
  786      56        3 24247.93    0.00   23.82   -3.53   -0.20    8.55    9.37
  787      57        3 24314.91    0.00   23.89   -3.42   -0.30    8.48    9.34
  788      58        3 24381.89    0.00   23.95   -3.32   -0.41    8.42    9.31
  789      59        3 24448.88    0.00   24.02   -3.21   -0.51    8.36    9.29
  790      60        3 24515.86    0.00   24.09   -3.09   -0.60    8.29    9.26
  791      61        3 24582.85    0.00   24.15   -2.98   -0.70    8.23    9.23
  792      62        3 24649.83    0.00   24.22   -2.86   -0.79    8.16    9.20
  793      63        3 24716.82    0.00   24.28   -2.74   -0.88    8.10    9.17
  794      64        3 24783.80    0.00   24.35   -2.61   -0.97    8.04    9.15
  795      65        3 24850.79    0.00   24.41   -2.48   -1.05    7.97    9.12
  796      66        3 24917.77    0.00   24.48   -2.35   -1.13    7.91    9.09
  797      67        3 24984.75    0.00   24.55   -2.22   -1.21    7.84    9.07
  798      68        3 25051.74    0.00   24.61   -2.08   -1.29    7.78    9.04
  799      69        3 25118.72    0.00   24.68   -1.94   -1.37    7.71    9.02
  800      70        3 25185.71    0.00   24.74   -1.80   -1.44    7.65    8.99
  801      71        3 25252.69    0.00   24.81   -1.66   -1.51    7.58    8.97
  802      72        3 25319.68    0.00   24.88   -1.51   -1.57    7.52    8.94
  803      73        3 25386.66    0.00   24.94   -1.36   -1.64    7.45    8.92
  804      74        3 25453.64    0.00   25.01   -1.20   -1.70    7.39    8.90
  805      75        3  1067.00    0.00    1.05   -1.05   -1.76    7.32    8.76
  806      76        3  1134.00    0.00    1.11   -0.89   -1.81    7.26    8.52
  807      77        3  1201.00    0.00    1.18   -0.73   -1.87    7.19    8.31
  808      78        3  1268.00    0.00    1.25   -0.57   -1.92    7.13    8.12
  809      79        3  1335.00    0.00    1.31   -0.40   -1.96    7.06    7.96
  810      80        3  1401.99    0.00    1.38   -0.23   -2.01    7.00    7.80
  811      81        3  1468.99    0.00    1.44   -0.06   -2.05    6.93    7.67
  812      82        3  1535.99    0.00    1.51    0.11   -2.09    6.87    7.54
  813      83        3  1602.99    0.00    1.57    0.28   -2.13    6.80    7.43
  814      84        3  1669.99    0.00    1.64    0.46   -2.16    6.74    7.33
  815      85        3  1736.99    0.00    1.71    0.64   -2.19    6.68    7.24
  816      86        3  1803.99    0.00    1.77    0.82   -2.22    6.61    7.15
  817      87        3  1870.99    0.00    1.84    1.00   -2.24    6.55    7.08
  818      88        3  1937.99    0.00    1.90    1.19   -2.26    6.49    7.01
  819      89        3  2004.99    0.00    1.97    1.37   -2.28    6.42    6.95
  820      90        3  2071.99    0.00    2.04    1.56   -2.30    6.36    6.89
  821      91        3  2138.99    0.00    2.10    1.75   -2.31    6.30    6.84
  822      92        3  2205.99    0.00    2.17    1.95   -2.32    6.24    6.80
  823      93        3  2272.99    0.00    2.23    2.14   -2.33    6.18    6.76
  824      94        3  2339.99    0.00    2.30    2.33   -2.33    6.12    6.72
  825      95        3  2407.00    0.00    2.36    2.53   -2.33    6.05    6.69
  826      96        3  2474.00    0.00    2.43    2.73   -2.33    5.99    6.66
  827      97        3  2541.00    0.00    2.50    2.93   -2.33    5.94    6.64
  828      98        3  2608.00    0.00    2.56    3.13   -2.32    5.88    6.62
  829      99        3  2675.00    0.00    2.63    3.33   -2.31    5.82    6.61
  830     100        3  2742.01    0.00    2.69    3.54   -2.30    5.76    6.59
  831     101        3  2809.01    0.00    2.76    3.74   -2.28    5.70    6.58
  832     102        3  2876.01    0.00    2.83    3.95   -2.26    5.64    6.58
  833     103        3  2943.01    0.00    2.89    4.15   -2.24    5.59    6.57
  834     104        3  3010.01    0.00    2.96    4.36   -2.22    5.53    6.57
  835     105        3  3077.02    0.00    3.02    4.57   -2.19    5.48    6.57
  836     106        3  3144.02    0.00    3.09    4.78   -2.16    5.42    6.58
  837     107        3  3211.02    0.00    3.15    4.99   -2.13    5.37    6.58
  838     108        3  3278.02    0.00    3.22    5.20   -2.09    5.31    6.59
  839     109        3  3345.02    0.00    3.29    5.41   -2.05    5.26    6.60
  840     110        3  3412.02    0.00    3.35    5.62   -2.01    5.21    6.61
  841     111        3  3479.03    0.00    3.42    5.84   -1.96    5.16    6.63
  842     112        3  3546.03    0.00    3.48    6.05   -1.92    5.11    6.64
  843     113        3  3613.03    0.00    3.55    6.26   -1.87    5.06    6.66
  844     114        3  3680.03    0.00    3.62    6.48   -1.81    5.01    6.68
  845     115        3  3747.03    0.00    3.68    6.69   -1.76    4.96    6.70
  846     116        3  3814.04    0.00    3.75    6.91   -1.70    4.91    6.72
  847     117        3  3881.04    0.00    3.81    7.12   -1.64    4.86    6.75
  848     118        3  3948.04    0.00    3.88    7.34   -1.57    4.82    6.77
  849     119        3  4015.04    0.00    3.94    7.55   -1.51    4.77    6.80
  850     120        3  4082.04    0.00    4.01    7.77   -1.44    4.73    6.83
  851     121        3  4149.04    0.00    4.08    7.98   -1.37    4.68    6.85
  852     122        3  4216.04    0.00    4.14    8.20   -1.29    4.64    6.89
  853     123        3  4283.03    0.00    4.21    8.41   -1.21    4.60    6.92
  854     124        3  4350.03    0.00    4.27    8.63   -1.13    4.56    6.95
  855     125        3  4417.03    0.00    4.34    8.84   -1.05    4.52    6.98
  856     126        3  4484.02    0.00    4.41    9.06   -0.97    4.48    7.02
  857     127        3  4551.02    0.00    4.47    9.27   -0.88    4.44    7.06
  858     128        3  4618.01    0.00    4.54    9.48   -0.79    4.40    7.09
  859     129        3  4685.01    0.00    4.60    9.69   -0.70    4.36    7.13
  860     130        3  4752.01    0.00    4.67    9.91   -0.60    4.33    7.17
  861     131        3  4819.00    0.00    4.73   10.12   -0.51    4.29    7.21
  862     132        3  4886.00    0.00    4.80   10.33   -0.41    4.26    7.25
  863     133        3  4952.99    0.00    4.87   10.54   -0.30    4.22    7.29
  864     134        3  5019.99    0.00    4.93   10.74   -0.20    4.19    7.34
  865     135        3  5086.99    0.00    5.00   10.95   -0.09    4.16    7.38
  866     136        3  5153.98    0.00    5.06   11.16    0.01    4.13    7.43
  867     137        3  5220.98    0.00    5.13   11.36    0.13    4.10    7.47
  868     138        3  5287.98    0.00    5.20   11.57    0.24    4.07    7.52
  869     139        3  5354.97    0.00    5.26   11.77    0.35    4.05    7.56
  870     140        3  5421.97    0.00    5.33   11.97    0.47    4.02    7.61
  871     141        3  5488.96    0.00    5.39   12.17    0.59    3.99    7.66
  872     142        3  5555.96    0.00    5.46   12.37    0.71    3.97    7.71
  873     143        3  5622.96    0.00    5.52   12.57    0.84    3.95    7.75
  874     144        3  5689.95    0.00    5.59   12.76    0.96    3.93    7.80
  875     145        3  5756.95    0.00    5.66   12.96    1.09    3.90    7.85
  876     146        3  5823.94    0.00    5.72   13.15    1.22    3.88    7.90
  877     147        3  5890.94    0.00    5.79   13.34    1.35    3.87    7.96
  878     148        3  5957.94    0.00    5.85   13.53    1.48    3.85    8.01
  879     149        3  6024.93    0.00    5.92   13.72    1.62    3.83    8.06
  880     150        3  6091.93    0.00    5.98   13.90    1.75    3.82    8.11
  881     151        3  6158.92    0.00    6.05   14.09    1.89    3.80    8.16
  882     152        3  6225.92    0.00    6.12   14.27    2.03    3.79    8.22
  883     153        3  6292.92    0.00    6.18   14.45    2.17    3.78    8.27
  884     154        3  6359.91    0.00    6.25   14.63    2.32    3.76    8.33
  885     155        3  6426.91    0.00    6.31   14.80    2.46    3.75    8.38
  886     156        3  6493.90    0.00    6.38   14.98    2.61    3.75    8.43
  887     157        3  6560.90    0.00    6.45   15.15    2.75    3.74    8.49
  888     158        3  6627.90    0.00    6.51   15.32    2.90    3.73    8.55
  889     159        3  6694.89    0.00    6.58   15.48    3.05    3.73    8.60
  890     160        3  6761.89    0.00    6.64   15.65    3.21    3.72    8.66
  891     161        3  6828.89    0.00    6.71   15.81    3.36    3.72    8.71
  892     162        3  6895.88    0.00    6.77   15.97    3.51    3.72    8.77
  893     163        3  6962.88    0.00    6.84   16.13    3.67    3.71    8.83
  894     164        3  7029.87    0.00    6.91   16.28    3.82    3.71    8.88
  895     165        3  7096.87    0.00    6.97   16.43    3.98    3.72    8.94
  896     166        3  7163.87    0.00    7.04   16.58    4.14    3.72    9.00
  897     167        3  7230.86    0.00    7.10   16.73    4.30    3.72    9.05
  898     168        3  7297.86    0.00    7.17   16.87    4.46    3.73    9.11
  899     169        3  7364.85    0.00    7.24   17.01    4.62    3.73    9.17
  900     170        3  7431.85    0.00    7.30   17.15    4.78    3.74    9.22
  901     171        3  7498.85    0.00    7.37   17.29    4.95    3.75    9.28
  902     172        3  7565.84    0.00    7.43   17.42    5.11    3.75    9.34
  903     173        3  7632.84    0.00    7.50   17.55    5.28    3.76    9.40
  904     174        3  7699.83    0.00    7.56   17.68    5.44    3.78    9.45
  905     175        3  7766.83    0.00    7.63   17.80    5.61    3.79    9.51
  906     176        3  7833.83    0.00    7.70   17.92    5.77    3.80    9.57
  907     177        3  7900.82    0.00    7.76   18.04    5.94    3.82    9.63
  908     178        3  7967.82    0.00    7.83   18.15    6.11    3.83    9.68
  909     179        3  8034.81    0.00    7.89   18.26    6.28    3.85    9.74
  910     180        3  8101.81    0.00    7.96   18.37    6.44    3.87    9.80
  911     181        3  8168.81    0.00    8.03   18.47    6.61    3.88    9.86
  912     182        3  8235.81    0.00    8.09   18.58    6.78    3.90    9.91
  913     183        3  8302.82    0.00    8.16   18.67    6.95    3.93    9.97
  914     184        3  8369.83    0.00    8.22   18.77    7.12    3.95   10.03
  915     185        3  8436.83    0.00    8.29   18.86    7.29    3.97   10.08
  916     186        3  8503.84    0.00    8.35   18.95    7.46    3.99   10.14
  917     187        3  8570.85    0.00    8.42   19.03    7.63    4.02   10.20
  918     188        3  8637.86    0.00    8.49   19.11    7.80    4.05   10.25
  919     189        3  8704.87    0.00    8.55   19.19    7.97    4.07   10.31
  920     190        3  8771.87    0.00    8.62   19.27    8.13    4.10   10.37
  921     191        3  8838.88    0.00    8.68   19.34    8.30    4.13   10.42
  922     192        3  8905.89    0.00    8.75   19.40    8.47    4.16   10.48
  923     193        3  8972.90    0.00    8.82   19.47    8.64    4.19   10.53
  924     194        3  9039.90    0.00    8.88   19.53    8.81    4.22   10.59
  925     195        3  9106.91    0.00    8.95   19.59    8.98    4.26   10.64
  926     196        3  9173.92    0.00    9.01   19.64    9.14    4.29   10.70
  927     197        3  9240.93    0.00    9.08   19.69    9.31    4.33   10.75
  928     198        3  9307.94    0.00    9.14   19.73    9.48    4.36   10.81
  929     199        3  9374.94    0.00    9.21   19.78    9.64    4.40   10.86
  930     200        3  9441.95    0.00    9.28   19.82    9.81    4.44   10.91
  931     201        3  9508.96    0.00    9.34   19.85    9.97    4.48   10.96
  932     202        3  9575.97    0.00    9.41   19.88   10.13    4.52   11.02
  933     203        3  9642.97    0.00    9.47   19.91   10.30    4.56   11.07
  934     204        3  9709.98    0.00    9.54   19.93   10.46    4.60   11.12
  935     205        3  9776.99    0.00    9.61   19.95   10.62    4.64   11.17
  936     206        3  9844.00    0.00    9.67   19.97   10.78    4.68   11.22
  937     207        3  9911.01    0.00    9.74   19.98   10.94    4.73   11.27
  938     208        3  9978.01    0.00    9.80   19.99   11.10    4.77   11.33
  939     209        3 10045.02    0.00    9.87   20.00   11.25    4.82   11.38
  940     210        3 10112.03    0.00    9.93   20.00   11.41    4.86   11.42
  941     211        3 10179.04    0.00   10.00   20.00   11.56    4.91   11.47
  942     212        3 10246.04    0.00   10.07   19.99   11.72    4.96   11.52
  943     213        3 10313.05    0.00   10.13   19.98   11.87    5.01   11.57
  944     214        3 10380.06    0.00   10.20   19.97   12.02    5.06   11.62
  945     215        3 10447.07    0.00   10.26   19.95   12.17    5.11   11.67
  946     216        3 10514.08    0.00   10.33   19.93   12.32    5.16   11.71
  947     217        3 10581.08    0.00   10.40   19.91   12.47    5.21   11.76
  948     218        3 10648.09    0.00   10.46   19.88   12.61    5.26   11.80
  949     219        3 10715.10    0.00   10.53   19.85   12.76    5.31   11.85
  950     220        3 10782.11    0.00   10.59   19.82   12.90    5.37   11.89
  951     221        3 10849.12    0.00   10.66   19.78   13.04    5.42   11.94
  952     222        3 10916.12    0.00   10.72   19.73   13.18    5.48   11.98
  953     223        3 10983.13    0.00   10.79   19.69   13.31    5.53   12.02
  954     224        3 11050.14    0.00   10.86   19.64   13.45    5.59   12.07
  955     225        3 11117.15    0.00   10.92   19.59   13.58    5.64   12.11
  956     226        3 11184.15    0.00   10.99   19.53   13.72    5.70   12.15
  957     227        3 11251.16    0.00   11.05   19.47   13.85    5.76   12.19
  958     228        3 11318.17    0.00   11.12   19.40   13.98    5.82   12.23
  959     229        3 11385.18    0.00   11.19   19.34   14.10    5.88   12.27
  960     230        3 11452.19    0.00   11.25   19.27   14.23    5.94   12.31
  961     231        3 11519.19    0.00   11.32   19.19   14.35    5.99   12.35
  962     232        3 11586.20    0.00   11.38   19.11   14.47    6.05   12.39
  963     233        3 11653.21    0.00   11.45   19.03   14.59    6.12   12.42
  964     234        3 11720.22    0.00   11.51   18.95   14.70    6.18   12.46
  965     235        3 11787.22    0.00   11.58   18.86   14.82    6.24   12.50
  966     236        3 11854.23    0.00   11.65   18.77   14.93    6.30   12.53
  967     237        3 11921.24    0.00   11.71   18.67   15.04    6.36   12.57
  968     238        3 11988.25    0.00   11.78   18.58   15.15    6.42   12.60
  969     239        3 12055.26    0.00   11.84   18.47   15.25    6.49   12.63
  970     240        3 12122.26    0.00   11.91   18.37   15.36    6.55   12.67
  971     241        3 12189.27    0.00   11.98   18.26   15.46    6.61   12.70
  972     242        3 12256.28    0.00   12.04   18.15   15.55    6.68   12.73
  973     243        3 12323.29    0.00   12.11   18.04   15.65    6.74   12.76
  974     244        3 12390.29    0.00   12.17   17.92   15.74    6.80   12.79
  975     245        3 12457.30    0.00   12.24   17.80   15.84    6.87   12.82
  976     246        3 12524.31    0.00   12.30   17.68   15.92    6.93   12.85
  977     247        3 12591.32    0.00   12.37   17.55   16.01    7.00   12.88
  978     248        3 12658.33    0.00   12.44   17.42   16.09    7.06   12.90
  979     249        3 12725.33    0.00   12.50   17.29   16.17    7.13   12.93
  980     250        3 12792.34    0.00   12.57   17.15   16.25    7.19   12.96
  981     251        3 12859.35    0.00   12.63   17.01   16.33    7.26   12.98
  982     252        3 12926.36    0.00   12.70   16.87   16.40    7.32   13.00
  983     253        3 12993.37    0.00   12.77   16.73   16.47    7.39   13.03
  984     254        3 13060.37    0.00   12.83   16.58   16.54    7.45   13.05
  985     255        3 13127.38    0.00   12.90   16.43   16.61    7.52   13.07
  986     256        3 13194.39    0.00   12.96   16.28   16.67    7.58   13.10
  987     257        3 13261.40    0.00   13.03   16.13   16.73    7.65   13.12
  988     258        3 13328.40    0.00   13.09   15.97   16.79    7.71   13.14
  989     259        3 13395.41    0.00   13.16   15.81   16.84    7.78   13.16
  990     260        3 13462.42    0.00   13.23   15.65   16.89    7.84   13.17
  991     261        3 13529.43    0.00   13.29   15.48   16.94    7.91   13.19
  992     262        3 13596.44    0.00   13.36   15.32   16.99    7.97   13.21
  993     263        3 13663.44    0.00   13.42   15.15   17.03    8.04   13.23
  994     264        3 13730.45    0.00   13.49   14.98   17.07    8.10   13.24
  995     265        3 13797.46    0.00   13.56   14.80   17.11    8.16   13.26
  996     266        3 13864.47    0.00   13.62   14.63   17.14    8.23   13.27
  997     267        3 13931.47    0.00   13.69   14.45   17.17    8.29   13.28
  998     268        3 13998.48    0.00   13.75   14.27   17.20    8.36   13.30
  999     269        3 14065.49    0.00   13.82   14.09   17.23    8.42   13.31
 1000     270        3 14132.50    0.00   13.88   13.90   17.25    8.48   13.32
 1001     271        3 14199.51    0.00   13.95   13.72   17.27    8.55   13.33
 1002     272        3 14266.51    0.00   14.02   13.53   17.29    8.61   13.34
 1003     273        3 14333.52    0.00   14.08   13.34   17.31    8.67   13.35
 1004     274        3 14400.53    0.00   14.15   13.15   17.32    8.73   13.36
 1005     275        3 14467.54    0.00   14.21   12.96   17.33    8.79   13.37
 1006     276        3 14534.54    0.00   14.28   12.76   17.33    8.85   13.37
 1007     277        3 14601.55    0.00   14.35   12.57   17.33    8.91   13.38
 1008     278        3 14668.56    0.00   14.41   12.37   17.33    8.98   13.38
 1009     279        3 14735.57    0.00   14.48   12.17   17.33    9.03   13.39
 1010     280        3 14802.58    0.00   14.54   11.97   17.33    9.09   13.39
 1011     281        3 14869.58    0.00   14.61   11.77   17.32    9.15   13.40
 1012     282        3 14936.59    0.00   14.67   11.57   17.31    9.21   13.40
 1013     283        3 15003.60    0.00   14.74   11.36   17.29    9.27   13.40
 1014     284        3 15070.61    0.00   14.81   11.16   17.27    9.33   13.40
 1015     285        3 15137.62    0.00   14.87   10.95   17.25    9.38   13.40
 1016     286        3 15204.62    0.00   14.94   10.74   17.23    9.44   13.40
 1017     287        3 15271.63    0.00   15.00   10.54   17.20    9.50   13.40
 1018     288        3 15338.64    0.00   15.07   10.33   17.17    9.55   13.40
 1019     289        3 15405.65    0.00   15.14   10.12   17.14    9.61   13.40
 1020     290        3 15472.65    0.00   15.20    9.91   17.11    9.66   13.39
 1021     291        3 15539.66    0.00   15.27    9.69   17.07    9.71   13.39
 1022     292        3 15606.67    0.00   15.33    9.48   17.03    9.76   13.38
 1023     293        3 15673.68    0.00   15.40    9.27   16.99    9.82   13.38
 1024     294        3 15740.69    0.00   15.46    9.06   16.94    9.87   13.37
 1025     295        3 15807.69    0.00   15.53    8.84   16.89    9.92   13.37
 1026     296        3 15874.70    0.00   15.60    8.63   16.84    9.97   13.36
 1027     297        3 15941.71    0.00   15.66    8.41   16.79   10.02   13.35
 1028     298        3 16008.72    0.00   15.73    8.20   16.73   10.07   13.34
 1029     299        3 16075.72    0.00   15.79    7.98   16.67   10.11   13.33
 1030     300        3 16142.73    0.00   15.86    7.77   16.61   10.16   13.32
 1031     301        3 16209.74    0.00   15.93    7.55   16.54   10.21   13.31
 1032     302        3 16276.75    0.00   15.99    7.34   16.47   10.25   13.30
 1033     303        3 16343.76    0.00   16.06    7.12   16.40   10.30   13.29
 1034     304        3 16410.75    0.00   16.12    6.91   16.33   10.34   13.28
 1035     305        3 16477.74    0.00   16.19    6.69   16.25   10.38   13.26
 1036     306        3 16544.72    0.00   16.25    6.48   16.17   10.42   13.25
 1037     307        3 16611.71    0.00   16.32    6.26   16.09   10.46   13.23
 1038     308        3 16678.69    0.00   16.39    6.05   16.01   10.50   13.22
 1039     309        3 16745.68    0.00   16.45    5.84   15.92   10.54   13.20
 1040     310        3 16812.66    0.00   16.52    5.62   15.84   10.58   13.19
 1041     311        3 16879.64    0.00   16.58    5.41   15.74   10.62   13.17
 1042     312        3 16946.63    0.00   16.65    5.20   15.65   10.66   13.15
 1043     313        3 17013.61    0.00   16.71    4.99   15.55   10.69   13.13
 1044     314        3 17080.60    0.00   16.78    4.78   15.46   10.73   13.11
 1045     315        3 17147.58    0.00   16.85    4.57   15.36   10.76   13.09
 1046     316        3 17214.57    0.00   16.91    4.36   15.25   10.79   13.07
 1047     317        3 17281.55    0.00   16.98    4.15   15.15   10.82   13.05
 1048     318        3 17348.54    0.00   17.04    3.95   15.04   10.85   13.03
 1049     319        3 17415.52    0.00   17.11    3.74   14.93   10.88   13.01
 1050     320        3 17482.50    0.00   17.18    3.54   14.82   10.91   12.99
 1051     321        3 17549.49    0.00   17.24    3.33   14.70   10.94   12.97
 1052     322        3 17616.47    0.00   17.31    3.13   14.59   10.97   12.94
 1053     323        3 17683.46    0.00   17.37    2.93   14.47   10.99   12.92
 1054     324        3 17750.44    0.00   17.44    2.73   14.35   11.02   12.89
 1055     325        3 17817.43    0.00   17.50    2.53   14.23   11.04   12.87
 1056     326        3 17884.41    0.00   17.57    2.33   14.10   11.06   12.84
 1057     327        3 17951.39    0.00   17.64    2.14   13.98   11.09   12.82
 1058     328        3 18018.38    0.00   17.70    1.95   13.85   11.11   12.79
 1059     329        3 18085.36    0.00   17.77    1.75   13.72   11.12   12.76
 1060     330        3 18152.35    0.00   17.83    1.56   13.58   11.14   12.74
 1061     331        3 18219.33    0.00   17.90    1.37   13.45   11.16   12.71
 1062     332        3 18286.32    0.00   17.97    1.19   13.31   11.18   12.68
 1063     333        3 18353.30    0.00   18.03    1.00   13.18   11.19   12.65
 1064     334        3 18420.29    0.00   18.10    0.82   13.04   11.21   12.62
 1065     335        3 18487.27    0.00   18.16    0.64   12.90   11.22   12.59
 1066     336        3 18554.25    0.00   18.23    0.46   12.76   11.23   12.56
 1067     337        3 18621.24    0.00   18.29    0.28   12.61   11.24   12.53
 1068     338        3 18688.22    0.00   18.36    0.11   12.47   11.25   12.50
 1069     339        3 18755.21    0.00   18.43   -0.06   12.32   11.26   12.47
 1070     340        3 18822.19    0.00   18.49   -0.23   12.17   11.27   12.44
 1071     341        3 18889.18    0.00   18.56   -0.40   12.02   11.27   12.41
 1072     342        3 18956.16    0.00   18.62   -0.57   11.87   11.28   12.38
 1073     343        3 19023.14    0.00   18.69   -0.73   11.72   11.28   12.34
 1074     344        3 19090.13    0.00   18.75   -0.89   11.56   11.28   12.31
 1075     345        3 19157.11    0.00   18.82   -1.05   11.41   11.29   12.28
 1076     346        3 19224.10    0.00   18.89   -1.20   11.25   11.29   12.24
 1077     347        3 19291.08    0.00   18.95   -1.36   11.10   11.29   12.21
 1078     348        3 19358.07    0.00   19.02   -1.51   10.94   11.28   12.18
 1079     349        3 19425.05    0.00   19.08   -1.66   10.78   11.28   12.14
 1080     350        3 19492.04    0.00   19.15   -1.80   10.62   11.28   12.11
 1081     351        3 19559.02    0.00   19.22   -1.94   10.46   11.27   12.07
 1082     352        3 19626.00    0.00   19.28   -2.08   10.30   11.27   12.04
 1083     353        3 19692.99    0.00   19.35   -2.22   10.13   11.26   12.00
 1084     354        3 19759.97    0.00   19.41   -2.35    9.97   11.25   11.96
 1085     355        3 19826.96    0.00   19.48   -2.48    9.81   11.24   11.93
 1086     356        3 19893.94    0.00   19.54   -2.61    9.64   11.23   11.89
 1087     357        3 19960.93    0.00   19.61   -2.74    9.48   11.22   11.85
 1088     358        3 20027.91    0.00   19.68   -2.86    9.31   11.21   11.82
 1089     359        3 20094.89    0.00   19.74   -2.98    9.14   11.19   11.78
 1090     360        3 20161.88    0.00   19.81   -3.09    8.98   11.18   11.74
 1091     361        3 20228.86    0.00   19.87   -3.21    8.81   11.16   11.71
 1092     362        3 20295.85    0.00   19.94   -3.32    8.64   11.14   11.67
 1093     363        3 20362.83    0.00   20.01   -3.42    8.47   11.12   11.63
 1094     364        3 20429.82    0.00   20.07   -3.53    8.30   11.11   11.59
 1095     365        3 20496.80    0.00   20.14   -3.63    8.13   11.09   11.55
