 Day of  Day of Year Air   Radiation
 sim.     year        T
    1       1        1             -5.            16.
    2       2        1             -5.            16.
    3       3        1             -5.            15.
    4       4        1             -5.            15.
    5       5        1             -5.            15.
    6       6        1             -5.            15.
    7       7        1             -5.            15.
    8       8        1             -5.            15.
    9       9        1             -5.            15.
   10      10        1             -5.            15.
   11      11        1             -5.            15.
   12      12        1             -5.            15.
   13      13        1             -5.            16.
   14      14        1             -5.            16.
   15      15        1             -5.            16.
   16      16        1             -5.            16.
   17      17        1             -5.            17.
   18      18        1             -5.            17.
   19      19        1             -5.            17.
   20      20        1             -5.            18.
   21      21        1             -5.            18.
   22      22        1             -5.            19.
   23      23        1             -5.            19.
   24      24        1             -4.            20.
   25      25        1             -4.            20.
   26      26        1             -4.            21.
   27      27        1             -4.            21.
   28      28        1             -4.            22.
   29      29        1             -4.            23.
   30      30        1             -4.            24.
   31      31        1             -4.            24.
   32      32        1             -4.            25.
   33      33        1             -4.            26.
   34      34        1             -4.            27.
   35      35        1             -4.            28.
   36      36        1             -4.            29.
   37      37        1             -3.            30.
   38      38        1             -3.            31.
   39      39        1             -3.            32.
   40      40        1             -3.            33.
   41      41        1             -3.            34.
   42      42        1             -3.            35.
   43      43        1             -3.            36.
   44      44        1             -3.            37.
   45      45        1             -2.            38.
   46      46        1             -2.            39.
   47      47        1             -2.            41.
   48      48        1             -2.            42.
   49      49        1             -2.            43.
   50      50        1             -2.            45.
   51      51        1             -2.            46.
   52      52        1             -2.            47.
   53      53        1             -1.            49.
   54      54        1             -1.            50.
   55      55        1             -1.            52.
   56      56        1             -1.            53.
   57      57        1             -1.            54.
   58      58        1             -1.            56.
   59      59        1             -0.            57.
   60      60        1             -0.            59.
   61      61        1             -0.            61.
   62      62        1              0.            62.
   63      63        1              0.            64.
   64      64        1              0.            65.
   65      65        1              1.            67.
   66      66        1              1.            69.
   67      67        1              1.            70.
   68      68        1              1.            72.
   69      69        1              1.            74.
   70      70        1              2.            76.
   71      71        1              2.            77.
   72      72        1              2.            79.
   73      73        1              2.            81.
   74      74        1              2.            83.
   75      75        1              3.            85.
   76      76        1              3.            86.
   77      77        1              3.            88.
   78      78        1              3.            90.
   79      79        1              3.            92.
   80      80        1              4.            94.
   81      81        1              4.            96.
   82      82        1              4.            98.
   83      83        1              4.           100.
   84      84        1              4.           101.
   85      85        1              5.           103.
   86      86        1              5.           105.
   87      87        1              5.           107.
   88      88        1              5.           109.
   89      89        1              5.           111.
   90      90        1              6.           113.
   91      91        1              6.           115.
   92      92        1              6.           117.
   93      93        1              6.           119.
   94      94        1              6.           121.
   95      95        1              7.           123.
   96      96        1              7.           125.
   97      97        1              7.           127.
   98      98        1              7.           129.
   99      99        1              8.           131.
  100     100        1              8.           133.
  101     101        1              8.           135.
  102     102        1              8.           137.
  103     103        1              8.           139.
  104     104        1              9.           141.
  105     105        1              9.           143.
  106     106        1              9.           145.
  107     107        1              9.           147.
  108     108        1              9.           149.
  109     109        1             10.           151.
  110     110        1             10.           153.
  111     111        1             10.           155.
  112     112        1             10.           157.
  113     113        1             11.           159.
  114     114        1             11.           160.
  115     115        1             11.           162.
  116     116        1             11.           164.
  117     117        1             11.           166.
  118     118        1             12.           168.
  119     119        1             12.           170.
  120     120        1             12.           172.
  121     121        1             12.           174.
  122     122        1             12.           176.
  123     123        1             13.           177.
  124     124        1             13.           179.
  125     125        1             13.           181.
  126     126        1             13.           183.
  127     127        1             13.           184.
  128     128        1             14.           186.
  129     129        1             14.           188.
  130     130        1             14.           190.
  131     131        1             14.           191.
  132     132        1             14.           193.
  133     133        1             14.           195.
  134     134        1             15.           196.
  135     135        1             15.           198.
  136     136        1             15.           200.
  137     137        1             15.           201.
  138     138        1             15.           203.
  139     139        1             15.           204.
  140     140        1             16.           206.
  141     141        1             16.           207.
  142     142        1             16.           209.
  143     143        1             16.           210.
  144     144        1             16.           212.
  145     145        1             16.           213.
  146     146        1             17.           214.
  147     147        1             17.           216.
  148     148        1             17.           217.
  149     149        1             17.           218.
  150     150        1             17.           220.
  151     151        1             17.           221.
  152     152        1             17.           222.
  153     153        1             18.           223.
  154     154        1             18.           225.
  155     155        1             18.           226.
  156     156        1             18.           227.
  157     157        1             18.           228.
  158     158        1             18.           229.
  159     159        1             18.           230.
  160     160        1             18.           231.
  161     161        1             18.           232.
  162     162        1             19.           233.
  163     163        1             19.           234.
  164     164        1             19.           235.
  165     165        1             19.           235.
  166     166        1             19.           236.
  167     167        1             19.           237.
  168     168        1             19.           238.
  169     169        1             19.           239.
  170     170        1             19.           239.
  171     171        1             19.           240.
  172     172        1             19.           240.
  173     173        1             19.           241.
  174     174        1             20.           242.
  175     175        1             20.           242.
  176     176        1             20.           243.
  177     177        1             20.           243.
  178     178        1             20.           244.
  179     179        1             20.           244.
  180     180        1             20.           244.
  181     181        1             20.           245.
  182     182        1             20.           245.
  183     183        1             20.           245.
  184     184        1             20.           245.
  185     185        1             20.           246.
  186     186        1             20.           246.
  187     187        1             20.           246.
  188     188        1             20.           246.
  189     189        1             20.           246.
  190     190        1             20.           246.
  191     191        1             20.           246.
  192     192        1             20.           246.
  193     193        1             20.           246.
  194     194        1             20.           246.
  195     195        1             20.           246.
  196     196        1             20.           245.
  197     197        1             20.           245.
  198     198        1             20.           245.
  199     199        1             20.           245.
  200     200        1             20.           244.
  201     201        1             20.           244.
  202     202        1             20.           244.
  203     203        1             20.           243.
  204     204        1             20.           243.
  205     205        1             20.           242.
  206     206        1             20.           242.
  207     207        1             19.           241.
  208     208        1             19.           240.
  209     209        1             19.           240.
  210     210        1             19.           239.
  211     211        1             19.           239.
  212     212        1             19.           238.
  213     213        1             19.           237.
  214     214        1             19.           236.
  215     215        1             19.           235.
  216     216        1             19.           235.
  217     217        1             19.           234.
  218     218        1             19.           233.
  219     219        1             18.           232.
  220     220        1             18.           231.
  221     221        1             18.           230.
  222     222        1             18.           229.
  223     223        1             18.           228.
  224     224        1             18.           227.
  225     225        1             18.           226.
  226     226        1             18.           225.
  227     227        1             18.           223.
  228     228        1             17.           222.
  229     229        1             17.           221.
  230     230        1             17.           220.
  231     231        1             17.           218.
  232     232        1             17.           217.
  233     233        1             17.           216.
  234     234        1             17.           214.
  235     235        1             16.           213.
  236     236        1             16.           212.
  237     237        1             16.           210.
  238     238        1             16.           209.
  239     239        1             16.           207.
  240     240        1             16.           206.
  241     241        1             15.           204.
  242     242        1             15.           203.
  243     243        1             15.           201.
  244     244        1             15.           200.
  245     245        1             15.           198.
  246     246        1             15.           196.
  247     247        1             14.           195.
  248     248        1             14.           193.
  249     249        1             14.           191.
  250     250        1             14.           190.
  251     251        1             14.           188.
  252     252        1             14.           186.
  253     253        1             13.           184.
  254     254        1             13.           183.
  255     255        1             13.           181.
  256     256        1             13.           179.
  257     257        1             13.           177.
  258     258        1             12.           176.
  259     259        1             12.           174.
  260     260        1             12.           172.
  261     261        1             12.           170.
  262     262        1             12.           168.
  263     263        1             11.           166.
  264     264        1             11.           164.
  265     265        1             11.           162.
  266     266        1             11.           160.
  267     267        1             11.           159.
  268     268        1             10.           157.
  269     269        1             10.           155.
  270     270        1             10.           153.
  271     271        1             10.           151.
  272     272        1              9.           149.
  273     273        1              9.           147.
  274     274        1              9.           145.
  275     275        1              9.           143.
  276     276        1              9.           141.
  277     277        1              8.           139.
  278     278        1              8.           137.
  279     279        1              8.           135.
  280     280        1              8.           133.
  281     281        1              8.           131.
  282     282        1              7.           129.
  283     283        1              7.           127.
  284     284        1              7.           125.
  285     285        1              7.           123.
  286     286        1              6.           121.
  287     287        1              6.           119.
  288     288        1              6.           117.
  289     289        1              6.           115.
  290     290        1              6.           113.
  291     291        1              5.           111.
  292     292        1              5.           109.
  293     293        1              5.           107.
  294     294        1              5.           105.
  295     295        1              5.           103.
  296     296        1              4.           101.
  297     297        1              4.           100.
  298     298        1              4.            98.
  299     299        1              4.            96.
  300     300        1              4.            94.
  301     301        1              3.            92.
  302     302        1              3.            90.
  303     303        1              3.            88.
  304     304        1              3.            86.
  305     305        1              3.            85.
  306     306        1              2.            83.
  307     307        1              2.            81.
  308     308        1              2.            79.
  309     309        1              2.            77.
  310     310        1              2.            76.
  311     311        1              1.            74.
  312     312        1              1.            72.
  313     313        1              1.            70.
  314     314        1              1.            69.
  315     315        1              1.            67.
  316     316        1              0.            65.
  317     317        1              0.            64.
  318     318        1              0.            62.
  319     319        1             -0.            61.
  320     320        1             -0.            59.
  321     321        1             -0.            57.
  322     322        1             -1.            56.
  323     323        1             -1.            54.
  324     324        1             -1.            53.
  325     325        1             -1.            52.
  326     326        1             -1.            50.
  327     327        1             -1.            49.
  328     328        1             -2.            47.
  329     329        1             -2.            46.
  330     330        1             -2.            45.
  331     331        1             -2.            43.
  332     332        1             -2.            42.
  333     333        1             -2.            41.
  334     334        1             -2.            39.
  335     335        1             -2.            38.
  336     336        1             -3.            37.
  337     337        1             -3.            36.
  338     338        1             -3.            35.
  339     339        1             -3.            34.
  340     340        1             -3.            33.
  341     341        1             -3.            32.
  342     342        1             -3.            31.
  343     343        1             -3.            30.
  344     344        1             -4.            29.
  345     345        1             -4.            28.
  346     346        1             -4.            27.
  347     347        1             -4.            26.
  348     348        1             -4.            25.
  349     349        1             -4.            24.
  350     350        1             -4.            24.
  351     351        1             -4.            23.
  352     352        1             -4.            22.
  353     353        1             -4.            21.
  354     354        1             -4.            21.
  355     355        1             -4.            20.
  356     356        1             -4.            20.
  357     357        1             -5.            19.
  358     358        1             -5.            19.
  359     359        1             -5.            18.
  360     360        1             -5.            18.
  361     361        1             -5.            17.
  362     362        1             -5.            17.
  363     363        1             -5.            17.
  364     364        1             -5.            16.
  365     365        1             -5.            16.
  366       1        2             -5.            16.
  367       2        2             -5.            16.
  368       3        2             -5.            15.
  369       4        2             -5.            15.
  370       5        2             -5.            15.
  371       6        2             -5.            15.
  372       7        2             -5.            15.
  373       8        2             -5.            15.
  374       9        2             -5.            15.
  375      10        2             -5.            15.
  376      11        2             -5.            15.
  377      12        2             -5.            15.
  378      13        2             -5.            16.
  379      14        2             -5.            16.
  380      15        2             -5.            16.
  381      16        2             -5.            16.
  382      17        2             -5.            17.
  383      18        2             -5.            17.
  384      19        2             -5.            17.
  385      20        2             -5.            18.
  386      21        2             -5.            18.
  387      22        2             -5.            19.
  388      23        2             -5.            19.
  389      24        2             -4.            20.
  390      25        2             -4.            20.
  391      26        2             -4.            21.
  392      27        2             -4.            21.
  393      28        2             -4.            22.
  394      29        2             -4.            23.
  395      30        2             -4.            24.
  396      31        2             -4.            24.
  397      32        2             -4.            25.
  398      33        2             -4.            26.
  399      34        2             -4.            27.
  400      35        2             -4.            28.
  401      36        2             -4.            29.
  402      37        2             -3.            30.
  403      38        2             -3.            31.
  404      39        2             -3.            32.
  405      40        2             -3.            33.
  406      41        2             -3.            34.
  407      42        2             -3.            35.
  408      43        2             -3.            36.
  409      44        2             -3.            37.
  410      45        2             -2.            38.
  411      46        2             -2.            39.
  412      47        2             -2.            41.
  413      48        2             -2.            42.
  414      49        2             -2.            43.
  415      50        2             -2.            45.
  416      51        2             -2.            46.
  417      52        2             -2.            47.
  418      53        2             -1.            49.
  419      54        2             -1.            50.
  420      55        2             -1.            52.
  421      56        2             -1.            53.
  422      57        2             -1.            54.
  423      58        2             -1.            56.
  424      59        2             -0.            57.
  425      60        2             -0.            59.
  426      61        2             -0.            61.
  427      62        2              0.            62.
  428      63        2              0.            64.
  429      64        2              0.            65.
  430      65        2              1.            67.
  431      66        2              1.            69.
  432      67        2              1.            70.
  433      68        2              1.            72.
  434      69        2              1.            74.
  435      70        2              2.            76.
  436      71        2              2.            77.
  437      72        2              2.            79.
  438      73        2              2.            81.
  439      74        2              2.            83.
  440      75        2              3.            85.
  441      76        2              3.            86.
  442      77        2              3.            88.
  443      78        2              3.            90.
  444      79        2              3.            92.
  445      80        2              4.            94.
  446      81        2              4.            96.
  447      82        2              4.            98.
  448      83        2              4.           100.
  449      84        2              4.           101.
  450      85        2              5.           103.
  451      86        2              5.           105.
  452      87        2              5.           107.
  453      88        2              5.           109.
  454      89        2              5.           111.
  455      90        2              6.           113.
  456      91        2              6.           115.
  457      92        2              6.           117.
  458      93        2              6.           119.
  459      94        2              6.           121.
  460      95        2              7.           123.
  461      96        2              7.           125.
  462      97        2              7.           127.
  463      98        2              7.           129.
  464      99        2              8.           131.
  465     100        2              8.           133.
  466     101        2              8.           135.
  467     102        2              8.           137.
  468     103        2              8.           139.
  469     104        2              9.           141.
  470     105        2              9.           143.
  471     106        2              9.           145.
  472     107        2              9.           147.
  473     108        2              9.           149.
  474     109        2             10.           151.
  475     110        2             10.           153.
  476     111        2             10.           155.
  477     112        2             10.           157.
  478     113        2             11.           159.
  479     114        2             11.           160.
  480     115        2             11.           162.
  481     116        2             11.           164.
  482     117        2             11.           166.
  483     118        2             12.           168.
  484     119        2             12.           170.
  485     120        2             12.           172.
  486     121        2             12.           174.
  487     122        2             12.           176.
  488     123        2             13.           177.
  489     124        2             13.           179.
  490     125        2             13.           181.
  491     126        2             13.           183.
  492     127        2             13.           184.
  493     128        2             14.           186.
  494     129        2             14.           188.
  495     130        2             14.           190.
  496     131        2             14.           191.
  497     132        2             14.           193.
  498     133        2             14.           195.
  499     134        2             15.           196.
  500     135        2             15.           198.
  501     136        2             15.           200.
  502     137        2             15.           201.
  503     138        2             15.           203.
  504     139        2             15.           204.
  505     140        2             16.           206.
  506     141        2             16.           207.
  507     142        2             16.           209.
  508     143        2             16.           210.
  509     144        2             16.           212.
  510     145        2             16.           213.
  511     146        2             17.           214.
  512     147        2             17.           216.
  513     148        2             17.           217.
  514     149        2             17.           218.
  515     150        2             17.           220.
  516     151        2             17.           221.
  517     152        2             17.           222.
  518     153        2             18.           223.
  519     154        2             18.           225.
  520     155        2             18.           226.
  521     156        2             18.           227.
  522     157        2             18.           228.
  523     158        2             18.           229.
  524     159        2             18.           230.
  525     160        2             18.           231.
  526     161        2             18.           232.
  527     162        2             19.           233.
  528     163        2             19.           234.
  529     164        2             19.           235.
  530     165        2             19.           235.
  531     166        2             19.           236.
  532     167        2             19.           237.
  533     168        2             19.           238.
  534     169        2             19.           239.
  535     170        2             19.           239.
  536     171        2             19.           240.
  537     172        2             19.           240.
  538     173        2             19.           241.
  539     174        2             20.           242.
  540     175        2             20.           242.
  541     176        2             20.           243.
  542     177        2             20.           243.
  543     178        2             20.           244.
  544     179        2             20.           244.
  545     180        2             20.           244.
  546     181        2             20.           245.
  547     182        2             20.           245.
  548     183        2             20.           245.
  549     184        2             20.           245.
  550     185        2             20.           246.
  551     186        2             20.           246.
  552     187        2             20.           246.
  553     188        2             20.           246.
  554     189        2             20.           246.
  555     190        2             20.           246.
  556     191        2             20.           246.
  557     192        2             20.           246.
  558     193        2             20.           246.
  559     194        2             20.           246.
  560     195        2             20.           246.
  561     196        2             20.           245.
  562     197        2             20.           245.
  563     198        2             20.           245.
  564     199        2             20.           245.
  565     200        2             20.           244.
  566     201        2             20.           244.
  567     202        2             20.           244.
  568     203        2             20.           243.
  569     204        2             20.           243.
  570     205        2             20.           242.
  571     206        2             20.           242.
  572     207        2             19.           241.
  573     208        2             19.           240.
  574     209        2             19.           240.
  575     210        2             19.           239.
  576     211        2             19.           239.
  577     212        2             19.           238.
  578     213        2             19.           237.
  579     214        2             19.           236.
  580     215        2             19.           235.
  581     216        2             19.           235.
  582     217        2             19.           234.
  583     218        2             19.           233.
  584     219        2             18.           232.
  585     220        2             18.           231.
  586     221        2             18.           230.
  587     222        2             18.           229.
  588     223        2             18.           228.
  589     224        2             18.           227.
  590     225        2             18.           226.
  591     226        2             18.           225.
  592     227        2             18.           223.
  593     228        2             17.           222.
  594     229        2             17.           221.
  595     230        2             17.           220.
  596     231        2             17.           218.
  597     232        2             17.           217.
  598     233        2             17.           216.
  599     234        2             17.           214.
  600     235        2             16.           213.
  601     236        2             16.           212.
  602     237        2             16.           210.
  603     238        2             16.           209.
  604     239        2             16.           207.
  605     240        2             16.           206.
  606     241        2             15.           204.
  607     242        2             15.           203.
  608     243        2             15.           201.
  609     244        2             15.           200.
  610     245        2             15.           198.
  611     246        2             15.           196.
  612     247        2             14.           195.
  613     248        2             14.           193.
  614     249        2             14.           191.
  615     250        2             14.           190.
  616     251        2             14.           188.
  617     252        2             14.           186.
  618     253        2             13.           184.
  619     254        2             13.           183.
  620     255        2             13.           181.
  621     256        2             13.           179.
  622     257        2             13.           177.
  623     258        2             12.           176.
  624     259        2             12.           174.
  625     260        2             12.           172.
  626     261        2             12.           170.
  627     262        2             12.           168.
  628     263        2             11.           166.
  629     264        2             11.           164.
  630     265        2             11.           162.
  631     266        2             11.           160.
  632     267        2             11.           159.
  633     268        2             10.           157.
  634     269        2             10.           155.
  635     270        2             10.           153.
  636     271        2             10.           151.
  637     272        2              9.           149.
  638     273        2              9.           147.
  639     274        2              9.           145.
  640     275        2              9.           143.
  641     276        2              9.           141.
  642     277        2              8.           139.
  643     278        2              8.           137.
  644     279        2              8.           135.
  645     280        2              8.           133.
  646     281        2              8.           131.
  647     282        2              7.           129.
  648     283        2              7.           127.
  649     284        2              7.           125.
  650     285        2              7.           123.
  651     286        2              6.           121.
  652     287        2              6.           119.
  653     288        2              6.           117.
  654     289        2              6.           115.
  655     290        2              6.           113.
  656     291        2              5.           111.
  657     292        2              5.           109.
  658     293        2              5.           107.
  659     294        2              5.           105.
  660     295        2              5.           103.
  661     296        2              4.           101.
  662     297        2              4.           100.
  663     298        2              4.            98.
  664     299        2              4.            96.
  665     300        2              4.            94.
  666     301        2              3.            92.
  667     302        2              3.            90.
  668     303        2              3.            88.
  669     304        2              3.            86.
  670     305        2              3.            85.
  671     306        2              2.            83.
  672     307        2              2.            81.
  673     308        2              2.            79.
  674     309        2              2.            77.
  675     310        2              2.            76.
  676     311        2              1.            74.
  677     312        2              1.            72.
  678     313        2              1.            70.
  679     314        2              1.            69.
  680     315        2              1.            67.
  681     316        2              0.            65.
  682     317        2              0.            64.
  683     318        2              0.            62.
  684     319        2             -0.            61.
  685     320        2             -0.            59.
  686     321        2             -0.            57.
  687     322        2             -1.            56.
  688     323        2             -1.            54.
  689     324        2             -1.            53.
  690     325        2             -1.            52.
  691     326        2             -1.            50.
  692     327        2             -1.            49.
  693     328        2             -2.            47.
  694     329        2             -2.            46.
  695     330        2             -2.            45.
  696     331        2             -2.            43.
  697     332        2             -2.            42.
  698     333        2             -2.            41.
  699     334        2             -2.            39.
  700     335        2             -2.            38.
  701     336        2             -3.            37.
  702     337        2             -3.            36.
  703     338        2             -3.            35.
  704     339        2             -3.            34.
  705     340        2             -3.            33.
  706     341        2             -3.            32.
  707     342        2             -3.            31.
  708     343        2             -3.            30.
  709     344        2             -4.            29.
  710     345        2             -4.            28.
  711     346        2             -4.            27.
  712     347        2             -4.            26.
  713     348        2             -4.            25.
  714     349        2             -4.            24.
  715     350        2             -4.            24.
  716     351        2             -4.            23.
  717     352        2             -4.            22.
  718     353        2             -4.            21.
  719     354        2             -4.            21.
  720     355        2             -4.            20.
  721     356        2             -4.            20.
  722     357        2             -5.            19.
  723     358        2             -5.            19.
  724     359        2             -5.            18.
  725     360        2             -5.            18.
  726     361        2             -5.            17.
  727     362        2             -5.            17.
  728     363        2             -5.            17.
  729     364        2             -5.            16.
  730     365        2             -5.            16.
  731       1        3             -5.            16.
  732       2        3             -5.            16.
  733       3        3             -5.            15.
  734       4        3             -5.            15.
  735       5        3             -5.            15.
  736       6        3             -5.            15.
  737       7        3             -5.            15.
  738       8        3             -5.            15.
  739       9        3             -5.            15.
  740      10        3             -5.            15.
  741      11        3             -5.            15.
  742      12        3             -5.            15.
  743      13        3             -5.            16.
  744      14        3             -5.            16.
  745      15        3             -5.            16.
  746      16        3             -5.            16.
  747      17        3             -5.            17.
  748      18        3             -5.            17.
  749      19        3             -5.            17.
  750      20        3             -5.            18.
  751      21        3             -5.            18.
  752      22        3             -5.            19.
  753      23        3             -5.            19.
  754      24        3             -4.            20.
  755      25        3             -4.            20.
  756      26        3             -4.            21.
  757      27        3             -4.            21.
  758      28        3             -4.            22.
  759      29        3             -4.            23.
  760      30        3             -4.            24.
  761      31        3             -4.            24.
  762      32        3             -4.            25.
  763      33        3             -4.            26.
  764      34        3             -4.            27.
  765      35        3             -4.            28.
  766      36        3             -4.            29.
  767      37        3             -3.            30.
  768      38        3             -3.            31.
  769      39        3             -3.            32.
  770      40        3             -3.            33.
  771      41        3             -3.            34.
  772      42        3             -3.            35.
  773      43        3             -3.            36.
  774      44        3             -3.            37.
  775      45        3             -2.            38.
  776      46        3             -2.            39.
  777      47        3             -2.            41.
  778      48        3             -2.            42.
  779      49        3             -2.            43.
  780      50        3             -2.            45.
  781      51        3             -2.            46.
  782      52        3             -2.            47.
  783      53        3             -1.            49.
  784      54        3             -1.            50.
  785      55        3             -1.            52.
  786      56        3             -1.            53.
  787      57        3             -1.            54.
  788      58        3             -1.            56.
  789      59        3             -0.            57.
  790      60        3             -0.            59.
  791      61        3             -0.            61.
  792      62        3              0.            62.
  793      63        3              0.            64.
  794      64        3              0.            65.
  795      65        3              1.            67.
  796      66        3              1.            69.
  797      67        3              1.            70.
  798      68        3              1.            72.
  799      69        3              1.            74.
  800      70        3              2.            76.
  801      71        3              2.            77.
  802      72        3              2.            79.
  803      73        3              2.            81.
  804      74        3              2.            83.
  805      75        3              3.            85.
  806      76        3              3.            86.
  807      77        3              3.            88.
  808      78        3              3.            90.
  809      79        3              3.            92.
  810      80        3              4.            94.
  811      81        3              4.            96.
  812      82        3              4.            98.
  813      83        3              4.           100.
  814      84        3              4.           101.
  815      85        3              5.           103.
  816      86        3              5.           105.
  817      87        3              5.           107.
  818      88        3              5.           109.
  819      89        3              5.           111.
  820      90        3              6.           113.
  821      91        3              6.           115.
  822      92        3              6.           117.
  823      93        3              6.           119.
  824      94        3              6.           121.
  825      95        3              7.           123.
  826      96        3              7.           125.
  827      97        3              7.           127.
  828      98        3              7.           129.
  829      99        3              8.           131.
  830     100        3              8.           133.
  831     101        3              8.           135.
  832     102        3              8.           137.
  833     103        3              8.           139.
  834     104        3              9.           141.
  835     105        3              9.           143.
  836     106        3              9.           145.
  837     107        3              9.           147.
  838     108        3              9.           149.
  839     109        3             10.           151.
  840     110        3             10.           153.
  841     111        3             10.           155.
  842     112        3             10.           157.
  843     113        3             11.           159.
  844     114        3             11.           160.
  845     115        3             11.           162.
  846     116        3             11.           164.
  847     117        3             11.           166.
  848     118        3             12.           168.
  849     119        3             12.           170.
  850     120        3             12.           172.
  851     121        3             12.           174.
  852     122        3             12.           176.
  853     123        3             13.           177.
  854     124        3             13.           179.
  855     125        3             13.           181.
  856     126        3             13.           183.
  857     127        3             13.           184.
  858     128        3             14.           186.
  859     129        3             14.           188.
  860     130        3             14.           190.
  861     131        3             14.           191.
  862     132        3             14.           193.
  863     133        3             14.           195.
  864     134        3             15.           196.
  865     135        3             15.           198.
  866     136        3             15.           200.
  867     137        3             15.           201.
  868     138        3             15.           203.
  869     139        3             15.           204.
  870     140        3             16.           206.
  871     141        3             16.           207.
  872     142        3             16.           209.
  873     143        3             16.           210.
  874     144        3             16.           212.
  875     145        3             16.           213.
  876     146        3             17.           214.
  877     147        3             17.           216.
  878     148        3             17.           217.
  879     149        3             17.           218.
  880     150        3             17.           220.
  881     151        3             17.           221.
  882     152        3             17.           222.
  883     153        3             18.           223.
  884     154        3             18.           225.
  885     155        3             18.           226.
  886     156        3             18.           227.
  887     157        3             18.           228.
  888     158        3             18.           229.
  889     159        3             18.           230.
  890     160        3             18.           231.
  891     161        3             18.           232.
  892     162        3             19.           233.
  893     163        3             19.           234.
  894     164        3             19.           235.
  895     165        3             19.           235.
  896     166        3             19.           236.
  897     167        3             19.           237.
  898     168        3             19.           238.
  899     169        3             19.           239.
  900     170        3             19.           239.
  901     171        3             19.           240.
  902     172        3             19.           240.
  903     173        3             19.           241.
  904     174        3             20.           242.
  905     175        3             20.           242.
  906     176        3             20.           243.
  907     177        3             20.           243.
  908     178        3             20.           244.
  909     179        3             20.           244.
  910     180        3             20.           244.
  911     181        3             20.           245.
  912     182        3             20.           245.
  913     183        3             20.           245.
  914     184        3             20.           245.
  915     185        3             20.           246.
  916     186        3             20.           246.
  917     187        3             20.           246.
  918     188        3             20.           246.
  919     189        3             20.           246.
  920     190        3             20.           246.
  921     191        3             20.           246.
  922     192        3             20.           246.
  923     193        3             20.           246.
  924     194        3             20.           246.
  925     195        3             20.           246.
  926     196        3             20.           245.
  927     197        3             20.           245.
  928     198        3             20.           245.
  929     199        3             20.           245.
  930     200        3             20.           244.
  931     201        3             20.           244.
  932     202        3             20.           244.
  933     203        3             20.           243.
  934     204        3             20.           243.
  935     205        3             20.           242.
  936     206        3             20.           242.
  937     207        3             19.           241.
  938     208        3             19.           240.
  939     209        3             19.           240.
  940     210        3             19.           239.
  941     211        3             19.           239.
  942     212        3             19.           238.
  943     213        3             19.           237.
  944     214        3             19.           236.
  945     215        3             19.           235.
  946     216        3             19.           235.
  947     217        3             19.           234.
  948     218        3             19.           233.
  949     219        3             18.           232.
  950     220        3             18.           231.
  951     221        3             18.           230.
  952     222        3             18.           229.
  953     223        3             18.           228.
  954     224        3             18.           227.
  955     225        3             18.           226.
  956     226        3             18.           225.
  957     227        3             18.           223.
  958     228        3             17.           222.
  959     229        3             17.           221.
  960     230        3             17.           220.
  961     231        3             17.           218.
  962     232        3             17.           217.
  963     233        3             17.           216.
  964     234        3             17.           214.
  965     235        3             16.           213.
  966     236        3             16.           212.
  967     237        3             16.           210.
  968     238        3             16.           209.
  969     239        3             16.           207.
  970     240        3             16.           206.
  971     241        3             15.           204.
  972     242        3             15.           203.
  973     243        3             15.           201.
  974     244        3             15.           200.
  975     245        3             15.           198.
  976     246        3             15.           196.
  977     247        3             14.           195.
  978     248        3             14.           193.
  979     249        3             14.           191.
  980     250        3             14.           190.
  981     251        3             14.           188.
  982     252        3             14.           186.
  983     253        3             13.           184.
  984     254        3             13.           183.
  985     255        3             13.           181.
  986     256        3             13.           179.
  987     257        3             13.           177.
  988     258        3             12.           176.
  989     259        3             12.           174.
  990     260        3             12.           172.
  991     261        3             12.           170.
  992     262        3             12.           168.
  993     263        3             11.           166.
  994     264        3             11.           164.
  995     265        3             11.           162.
  996     266        3             11.           160.
  997     267        3             11.           159.
  998     268        3             10.           157.
  999     269        3             10.           155.
 1000     270        3             10.           153.
 1001     271        3             10.           151.
 1002     272        3              9.           149.
 1003     273        3              9.           147.
 1004     274        3              9.           145.
 1005     275        3              9.           143.
 1006     276        3              9.           141.
 1007     277        3              8.           139.
 1008     278        3              8.           137.
 1009     279        3              8.           135.
 1010     280        3              8.           133.
 1011     281        3              8.           131.
 1012     282        3              7.           129.
 1013     283        3              7.           127.
 1014     284        3              7.           125.
 1015     285        3              7.           123.
 1016     286        3              6.           121.
 1017     287        3              6.           119.
 1018     288        3              6.           117.
 1019     289        3              6.           115.
 1020     290        3              6.           113.
 1021     291        3              5.           111.
 1022     292        3              5.           109.
 1023     293        3              5.           107.
 1024     294        3              5.           105.
 1025     295        3              5.           103.
 1026     296        3              4.           101.
 1027     297        3              4.           100.
 1028     298        3              4.            98.
 1029     299        3              4.            96.
 1030     300        3              4.            94.
 1031     301        3              3.            92.
 1032     302        3              3.            90.
 1033     303        3              3.            88.
 1034     304        3              3.            86.
 1035     305        3              3.            85.
 1036     306        3              2.            83.
 1037     307        3              2.            81.
 1038     308        3              2.            79.
 1039     309        3              2.            77.
 1040     310        3              2.            76.
 1041     311        3              1.            74.
 1042     312        3              1.            72.
 1043     313        3              1.            70.
 1044     314        3              1.            69.
 1045     315        3              1.            67.
 1046     316        3              0.            65.
 1047     317        3              0.            64.
 1048     318        3              0.            62.
 1049     319        3             -0.            61.
 1050     320        3             -0.            59.
 1051     321        3             -0.            57.
 1052     322        3             -1.            56.
 1053     323        3             -1.            54.
 1054     324        3             -1.            53.
 1055     325        3             -1.            52.
 1056     326        3             -1.            50.
 1057     327        3             -1.            49.
 1058     328        3             -2.            47.
 1059     329        3             -2.            46.
 1060     330        3             -2.            45.
 1061     331        3             -2.            43.
 1062     332        3             -2.            42.
 1063     333        3             -2.            41.
 1064     334        3             -2.            39.
 1065     335        3             -2.            38.
 1066     336        3             -3.            37.
 1067     337        3             -3.            36.
 1068     338        3             -3.            35.
 1069     339        3             -3.            34.
 1070     340        3             -3.            33.
 1071     341        3             -3.            32.
 1072     342        3             -3.            31.
 1073     343        3             -3.            30.
 1074     344        3             -4.            29.
 1075     345        3             -4.            28.
 1076     346        3             -4.            27.
 1077     347        3             -4.            26.
 1078     348        3             -4.            25.
 1079     349        3             -4.            24.
 1080     350        3             -4.            24.
 1081     351        3             -4.            23.
 1082     352        3             -4.            22.
 1083     353        3             -4.            21.
 1084     354        3             -4.            21.
 1085     355        3             -4.            20.
 1086     356        3             -4.            20.
 1087     357        3             -5.            19.
 1088     358        3             -5.            19.
 1089     359        3             -5.            18.
 1090     360        3             -5.            18.
 1091     361        3             -5.            17.
 1092     362        3             -5.            17.
 1093     363        3             -5.            17.
 1094     364        3             -5.            16.
 1095     365        3             -5.            16.
