 Day of  Day of Year Air   Radiation
 sim.     year        T
    1       1        1              0.            13.
    2       2        1              0.            13.
    3       3        1              1.            10.
    4       4        1             -0.             6.
    5       5        1              1.             8.
    6       6        1             -0.             5.
    7       7        1              0.             5.
    8       8        1             -0.             9.
    9       9        1              0.             9.
   10      10        1              1.            18.
   11      11        1              4.            13.
   12      12        1              1.            24.
   13      13        1              0.            12.
   14      14        1             -2.             7.
   15      15        1             -3.            14.
   16      16        1             -6.            49.
   17      17        1             -1.            30.
   18      18        1              0.            13.
   19      19        1              2.            10.
   20      20        1              5.             7.
   21      21        1              5.            23.
   22      22        1              4.            24.
   23      23        1              2.            20.
   24      24        1              1.            17.
   25      25        1              0.            20.
   26      26        1             -1.            27.
   27      27        1              0.            15.
   28      28        1             -3.            62.
   29      29        1             -4.            28.
   30      30        1             -2.            39.
   31      31        1             -1.            66.
   32      32        1             -2.            62.
   33      33        1             -5.            42.
   34      34        1             -2.            20.
   35      35        1             -4.            27.
   36      36        1             -5.            39.
   37      37        1             -5.            71.
   38      38        1             -4.            34.
   39      39        1             -3.            37.
   40      40        1             -4.            29.
   41      41        1             -5.            80.
   42      42        1             -7.            59.
   43      43        1             -8.           102.
   44      44        1             -6.            98.
   45      45        1             -5.            90.
   46      46        1             -1.            23.
   47      47        1             -1.            34.
   48      48        1              1.            27.
   49      49        1              3.            26.
   50      50        1              4.            73.
   51      51        1              6.            51.
   52      52        1              7.            73.
   53      53        1              6.            80.
   54      54        1              6.            27.
   55      55        1             10.            30.
   56      56        1              8.            56.
   57      57        1              6.            52.
   58      58        1              5.           101.
   59      59        1              6.           103.
   60      60        1              4.            58.
   61      61        1              4.           130.
   62      62        1              1.            79.
   63      63        1              1.           138.
   64      64        1              0.           141.
   65      65        1              3.            68.
   66      66        1              3.           132.
   67      67        1             -0.           150.
   68      68        1             -0.           157.
   69      69        1              0.            72.
   70      70        1              4.            28.
   71      71        1              4.            67.
   72      72        1              3.            36.
   73      73        1              4.           100.
   74      74        1              4.            73.
   75      75        1              3.           153.
   76      76        1              3.            93.
   77      77        1              2.           138.
   78      78        1              1.           147.
   79      79        1              4.            54.
   80      80        1              5.           155.
   81      81        1              4.            72.
   82      82        1              6.            95.
   83      83        1              7.           104.
   84      84        1              6.           149.
   85      85        1              7.            80.
   86      86        1              5.            94.
   87      87        1              6.            40.
   88      88        1              9.            32.
   89      89        1             11.           189.
   90      90        1             10.           118.
   91      91        1              6.           203.
   92      92        1              6.           182.
   93      93        1              5.           205.
   94      94        1              5.            74.
   95      95        1              2.           133.
   96      96        1              3.           188.
   97      97        1              4.           142.
   98      98        1              3.           103.
   99      99        1              5.           171.
  100     100        1              3.           189.
  101     101        1              1.            43.
  102     102        1              3.           183.
  103     103        1              4.           194.
  104     104        1              4.           207.
  105     105        1              4.           183.
  106     106        1              5.           215.
  107     107        1              8.           193.
  108     108        1             10.           242.
  109     109        1             10.           251.
  110     110        1             10.           263.
  111     111        1              7.           226.
  112     112        1              6.           277.
  113     113        1              6.           189.
  114     114        1              5.           266.
  115     115        1              4.           273.
  116     116        1              4.           205.
  117     117        1              5.           267.
  118     118        1              7.           182.
  119     119        1              7.           213.
  120     120        1              6.            49.
  121     121        1              7.           149.
  122     122        1              8.           211.
  123     123        1              7.           190.
  124     124        1              6.            67.
  125     125        1              6.            98.
  126     126        1              5.           126.
  127     127        1              5.           183.
  128     128        1              8.           238.
  129     129        1             13.           215.
  130     130        1             15.           174.
  131     131        1             12.           100.
  132     132        1             10.            52.
  133     133        1             11.           133.
  134     134        1             11.           108.
  135     135        1              8.            88.
  136     136        1             10.            78.
  137     137        1             10.           130.
  138     138        1             10.           186.
  139     139        1              9.           141.
  140     140        1              9.           231.
  141     141        1             10.           176.
  142     142        1             10.           125.
  143     143        1              9.           100.
  144     144        1             10.            98.
  145     145        1             10.            83.
  146     146        1              9.            69.
  147     147        1             10.           177.
  148     148        1             10.           277.
  149     149        1             13.           322.
  150     150        1             14.           333.
  151     151        1             13.           334.
  152     152        1             13.           240.
  153     153        1             14.           245.
  154     154        1             16.           159.
  155     155        1             17.           288.
  156     156        1             18.           317.
  157     157        1             17.           231.
  158     158        1             15.           242.
  159     159        1             15.           328.
  160     160        1             16.           329.
  161     161        1             17.           295.
  162     162        1             17.           167.
  163     163        1             13.           260.
  164     164        1             14.           336.
  165     165        1             15.           174.
  166     166        1             13.           302.
  167     167        1             15.           345.
  168     168        1             21.           286.
  169     169        1             18.           168.
  170     170        1             18.           237.
  171     171        1             15.           139.
  172     172        1             13.           126.
  173     173        1             15.           213.
  174     174        1             15.           207.
  175     175        1             14.           330.
  176     176        1             15.           168.
  177     177        1             15.            96.
  178     178        1             15.           251.
  179     179        1             15.           350.
  180     180        1             14.           243.
  181     181        1             16.           209.
  182     182        1             17.           287.
  183     183        1             17.           108.
  184     184        1             16.            69.
  185     185        1             19.           221.
  186     186        1             18.           191.
  187     187        1             16.           146.
  188     188        1             18.           292.
  189     189        1             18.           241.
  190     190        1             17.           204.
  191     191        1             16.           181.
  192     192        1             17.           234.
  193     193        1             19.           284.
  194     194        1             21.           266.
  195     195        1             23.           294.
  196     196        1             20.           300.
  197     197        1             21.           321.
  198     198        1             19.           321.
  199     199        1             16.           207.
  200     200        1             16.           300.
  201     201        1             16.           181.
  202     202        1             16.           132.
  203     203        1             16.           220.
  204     204        1             17.           249.
  205     205        1             19.           297.
  206     206        1             19.           119.
  207     207        1             21.           191.
  208     208        1             19.           209.
  209     209        1             17.           178.
  210     210        1             15.           163.
  211     211        1             17.           191.
  212     212        1             16.           172.
  213     213        1             14.           188.
  214     214        1             15.           247.
  215     215        1             14.           251.
  216     216        1             14.           166.
  217     217        1             15.           171.
  218     218        1             18.           237.
  219     219        1             15.            87.
  220     220        1             15.           135.
  221     221        1             16.           171.
  222     222        1             15.           131.
  223     223        1             16.           209.
  224     224        1             18.           152.
  225     225        1             17.           150.
  226     226        1             15.           181.
  227     227        1             15.           153.
  228     228        1             13.            79.
  229     229        1             16.           225.
  230     230        1             14.            82.
  231     231        1             14.           197.
  232     232        1             14.           166.
  233     233        1             13.           171.
  234     234        1             14.           212.
  235     235        1             15.           244.
  236     236        1             15.           229.
  237     237        1             16.           138.
  238     238        1             14.            76.
  239     239        1             15.            50.
  240     240        1             15.           101.
  241     241        1             16.           145.
  242     242        1             16.           228.
  243     243        1             15.           220.
  244     244        1             16.           207.
  245     245        1             15.           168.
  246     246        1             15.           215.
  247     247        1             14.           218.
  248     248        1             13.           219.
  249     249        1             12.           115.
  250     250        1             15.           113.
  251     251        1             18.           182.
  252     252        1             18.           190.
  253     253        1             17.            84.
  254     254        1             18.            80.
  255     255        1             16.            90.
  256     256        1             15.            72.
  257     257        1             15.           139.
  258     258        1             14.            37.
  259     259        1             14.            46.
  260     260        1             12.            45.
  261     261        1             13.            52.
  262     262        1             11.            57.
  263     263        1             11.            90.
  264     264        1             12.            87.
  265     265        1             14.           157.
  266     266        1             13.           133.
  267     267        1             15.           100.
  268     268        1             14.           133.
  269     269        1             12.            36.
  270     270        1             12.            37.
  271     271        1             16.           108.
  272     272        1             14.            29.
  273     273        1             13.            50.
  274     274        1             14.            66.
  275     275        1             14.            57.
  276     276        1             14.            35.
  277     277        1             15.            34.
  278     278        1             13.            53.
  279     279        1             12.           100.
  280     280        1             11.            53.
  281     281        1             11.            54.
  282     282        1             10.            36.
  283     283        1              9.            60.
  284     284        1              8.            97.
  285     285        1              8.            93.
  286     286        1              8.            59.
  287     287        1              9.            73.
  288     288        1              7.            81.
  289     289        1              7.            83.
  290     290        1              6.            94.
  291     291        1              8.            82.
  292     292        1              7.            91.
  293     293        1              7.            86.
  294     294        1              8.            26.
  295     295        1             12.            22.
  296     296        1             12.            43.
  297     297        1             10.            52.
  298     298        1             10.            57.
  299     299        1             12.            20.
  300     300        1              9.            27.
  301     301        1              8.            60.
  302     302        1              9.            64.
  303     303        1              8.            62.
  304     304        1             10.            21.
  305     305        1             10.            45.
  306     306        1             11.            32.
  307     307        1             14.            17.
  308     308        1              9.            52.
  309     309        1              8.            57.
  310     310        1             10.            15.
  311     311        1             11.            50.
  312     312        1              9.            21.
  313     313        1              6.            53.
  314     314        1              8.            16.
  315     315        1              8.            13.
  316     316        1              6.             6.
  317     317        1              7.             9.
  318     318        1              8.            38.
  319     319        1              7.            28.
  320     320        1             11.            31.
  321     321        1              9.            31.
  322     322        1             10.             9.
  323     323        1             11.            15.
  324     324        1              6.            36.
  325     325        1              4.            36.
  326     326        1              8.             9.
  327     327        1              7.            29.
  328     328        1              6.            27.
  329     329        1              9.             5.
  330     330        1              8.            10.
  331     331        1              7.            27.
  332     332        1              2.            32.
  333     333        1              0.            20.
  334     334        1              1.             5.
  335     335        1              1.             8.
  336     336        1              4.             6.
  337     337        1              4.             5.
  338     338        1              2.             7.
  339     339        1              3.             9.
  340     340        1              4.             5.
  341     341        1              4.             6.
  342     342        1              7.             5.
  343     343        1              5.            10.
  344     344        1              4.             7.
  345     345        1              3.             2.
  346     346        1              2.             2.
  347     347        1              4.             2.
  348     348        1              4.             7.
  349     349        1              6.             3.
  350     350        1              8.             5.
  351     351        1              6.             9.
  352     352        1              7.             6.
  353     353        1              7.             9.
  354     354        1              6.            23.
  355     355        1              8.             8.
  356     356        1              6.            17.
  357     357        1              6.            10.
  358     358        1              4.            13.
  359     359        1              1.            18.
  360     360        1             -1.            26.
  361     361        1              3.             8.
  362     362        1              4.             6.
  363     363        1              2.             5.
  364     364        1              3.             2.
  365     365        1              3.             7.
  366       1        2              0.            13.
  367       2        2              0.            13.
  368       3        2              1.            10.
  369       4        2             -0.             6.
  370       5        2              1.             8.
  371       6        2             -0.             5.
  372       7        2              0.             5.
  373       8        2             -0.             9.
  374       9        2              0.             9.
  375      10        2              1.            18.
  376      11        2              4.            13.
  377      12        2              1.            24.
  378      13        2              0.            12.
  379      14        2             -2.             7.
  380      15        2             -3.            14.
  381      16        2             -6.            49.
  382      17        2             -1.            30.
  383      18        2              0.            13.
  384      19        2              2.            10.
  385      20        2              5.             7.
  386      21        2              5.            23.
  387      22        2              4.            24.
  388      23        2              2.            20.
  389      24        2              1.            17.
  390      25        2              0.            20.
  391      26        2             -1.            27.
  392      27        2              0.            15.
  393      28        2             -3.            62.
  394      29        2             -4.            28.
  395      30        2             -2.            39.
  396      31        2             -1.            66.
  397      32        2             -2.            62.
  398      33        2             -5.            42.
  399      34        2             -2.            20.
  400      35        2             -4.            27.
  401      36        2             -5.            39.
  402      37        2             -5.            71.
  403      38        2             -4.            34.
  404      39        2             -3.            37.
  405      40        2             -4.            29.
  406      41        2             -5.            80.
  407      42        2             -7.            59.
  408      43        2             -8.           102.
  409      44        2             -6.            98.
  410      45        2             -5.            90.
  411      46        2             -1.            23.
  412      47        2             -1.            34.
  413      48        2              1.            27.
  414      49        2              3.            26.
  415      50        2              4.            73.
  416      51        2              6.            51.
  417      52        2              7.            73.
  418      53        2              6.            80.
  419      54        2              6.            27.
  420      55        2             10.            30.
  421      56        2              8.            56.
  422      57        2              6.            52.
  423      58        2              5.           101.
  424      59        2              6.           103.
  425      60        2              4.            58.
  426      61        2              4.           130.
  427      62        2              1.            79.
  428      63        2              1.           138.
  429      64        2              0.           141.
  430      65        2              3.            68.
  431      66        2              3.           132.
  432      67        2             -0.           150.
  433      68        2             -0.           157.
  434      69        2              0.            72.
  435      70        2              4.            28.
  436      71        2              4.            67.
  437      72        2              3.            36.
  438      73        2              4.           100.
  439      74        2              4.            73.
  440      75        2              3.           153.
  441      76        2              3.            93.
  442      77        2              2.           138.
  443      78        2              1.           147.
  444      79        2              4.            54.
  445      80        2              5.           155.
  446      81        2              4.            72.
  447      82        2              6.            95.
  448      83        2              7.           104.
  449      84        2              6.           149.
  450      85        2              7.            80.
  451      86        2              5.            94.
  452      87        2              6.            40.
  453      88        2              9.            32.
  454      89        2             11.           189.
  455      90        2             10.           118.
  456      91        2              6.           203.
  457      92        2              6.           182.
  458      93        2              5.           205.
  459      94        2              5.            74.
  460      95        2              2.           133.
  461      96        2              3.           188.
  462      97        2              4.           142.
  463      98        2              3.           103.
  464      99        2              5.           171.
  465     100        2              3.           189.
  466     101        2              1.            43.
  467     102        2              3.           183.
  468     103        2              4.           194.
  469     104        2              4.           207.
  470     105        2              4.           183.
  471     106        2              5.           215.
  472     107        2              8.           193.
  473     108        2             10.           242.
  474     109        2             10.           251.
  475     110        2             10.           263.
  476     111        2              7.           226.
  477     112        2              6.           277.
  478     113        2              6.           189.
  479     114        2              5.           266.
  480     115        2              4.           273.
  481     116        2              4.           205.
  482     117        2              5.           267.
  483     118        2              7.           182.
  484     119        2              7.           213.
  485     120        2              6.            49.
  486     121        2              7.           149.
  487     122        2              8.           211.
  488     123        2              7.           190.
  489     124        2              6.            67.
  490     125        2              6.            98.
  491     126        2              5.           126.
  492     127        2              5.           183.
  493     128        2              8.           238.
  494     129        2             13.           215.
  495     130        2             15.           174.
  496     131        2             12.           100.
  497     132        2             10.            52.
  498     133        2             11.           133.
  499     134        2             11.           108.
  500     135        2              8.            88.
  501     136        2             10.            78.
  502     137        2             10.           130.
  503     138        2             10.           186.
  504     139        2              9.           141.
  505     140        2              9.           231.
  506     141        2             10.           176.
  507     142        2             10.           125.
  508     143        2              9.           100.
  509     144        2             10.            98.
  510     145        2             10.            83.
  511     146        2              9.            69.
  512     147        2             10.           177.
  513     148        2             10.           277.
  514     149        2             13.           322.
  515     150        2             14.           333.
  516     151        2             13.           334.
  517     152        2             13.           240.
  518     153        2             14.           245.
  519     154        2             16.           159.
  520     155        2             17.           288.
  521     156        2             18.           317.
  522     157        2             17.           231.
  523     158        2             15.           242.
  524     159        2             15.           328.
  525     160        2             16.           329.
  526     161        2             17.           295.
  527     162        2             17.           167.
  528     163        2             13.           260.
  529     164        2             14.           336.
  530     165        2             15.           174.
  531     166        2             13.           302.
  532     167        2             15.           345.
  533     168        2             21.           286.
  534     169        2             18.           168.
  535     170        2             18.           237.
  536     171        2             15.           139.
  537     172        2             13.           126.
  538     173        2             15.           213.
  539     174        2             15.           207.
  540     175        2             14.           330.
  541     176        2             15.           168.
  542     177        2             15.            96.
  543     178        2             15.           251.
  544     179        2             15.           350.
  545     180        2             14.           243.
  546     181        2             16.           209.
  547     182        2             17.           287.
  548     183        2             17.           108.
  549     184        2             16.            69.
  550     185        2             19.           221.
  551     186        2             18.           191.
  552     187        2             16.           146.
  553     188        2             18.           292.
  554     189        2             18.           241.
  555     190        2             17.           204.
  556     191        2             16.           181.
  557     192        2             17.           234.
  558     193        2             19.           284.
  559     194        2             21.           266.
  560     195        2             23.           294.
  561     196        2             20.           300.
  562     197        2             21.           321.
  563     198        2             19.           321.
  564     199        2             16.           207.
  565     200        2             16.           300.
  566     201        2             16.           181.
  567     202        2             16.           132.
  568     203        2             16.           220.
  569     204        2             17.           249.
  570     205        2             19.           297.
  571     206        2             19.           119.
  572     207        2             21.           191.
  573     208        2             19.           209.
  574     209        2             17.           178.
  575     210        2             15.           163.
  576     211        2             17.           191.
  577     212        2             16.           172.
  578     213        2             14.           188.
  579     214        2             15.           247.
  580     215        2             14.           251.
  581     216        2             14.           166.
  582     217        2             15.           171.
  583     218        2             18.           237.
  584     219        2             15.            87.
  585     220        2             15.           135.
  586     221        2             16.           171.
  587     222        2             15.           131.
  588     223        2             16.           209.
  589     224        2             18.           152.
  590     225        2             17.           150.
  591     226        2             15.           181.
  592     227        2             15.           153.
  593     228        2             13.            79.
  594     229        2             16.           225.
  595     230        2             14.            82.
  596     231        2             14.           197.
  597     232        2             14.           166.
  598     233        2             13.           171.
  599     234        2             14.           212.
  600     235        2             15.           244.
  601     236        2             15.           229.
  602     237        2             16.           138.
  603     238        2             14.            76.
  604     239        2             15.            50.
  605     240        2             15.           101.
  606     241        2             16.           145.
  607     242        2             16.           228.
  608     243        2             15.           220.
  609     244        2             16.           207.
  610     245        2             15.           168.
  611     246        2             15.           215.
  612     247        2             14.           218.
  613     248        2             13.           219.
  614     249        2             12.           115.
  615     250        2             15.           113.
  616     251        2             18.           182.
  617     252        2             18.           190.
  618     253        2             17.            84.
  619     254        2             18.            80.
  620     255        2             16.            90.
  621     256        2             15.            72.
  622     257        2             15.           139.
  623     258        2             14.            37.
  624     259        2             14.            46.
  625     260        2             12.            45.
  626     261        2             13.            52.
  627     262        2             11.            57.
  628     263        2             11.            90.
  629     264        2             12.            87.
  630     265        2             14.           157.
  631     266        2             13.           133.
  632     267        2             15.           100.
  633     268        2             14.           133.
  634     269        2             12.            36.
  635     270        2             12.            37.
  636     271        2             16.           108.
  637     272        2             14.            29.
  638     273        2             13.            50.
  639     274        2             14.            66.
  640     275        2             14.            57.
  641     276        2             14.            35.
  642     277        2             15.            34.
  643     278        2             13.            53.
  644     279        2             12.           100.
  645     280        2             11.            53.
  646     281        2             11.            54.
  647     282        2             10.            36.
  648     283        2              9.            60.
  649     284        2              8.            97.
  650     285        2              8.            93.
  651     286        2              8.            59.
  652     287        2              9.            73.
  653     288        2              7.            81.
  654     289        2              7.            83.
  655     290        2              6.            94.
  656     291        2              8.            82.
  657     292        2              7.            91.
  658     293        2              7.            86.
  659     294        2              8.            26.
  660     295        2             12.            22.
  661     296        2             12.            43.
  662     297        2             10.            52.
  663     298        2             10.            57.
  664     299        2             12.            20.
  665     300        2              9.            27.
  666     301        2              8.            60.
  667     302        2              9.            64.
  668     303        2              8.            62.
  669     304        2             10.            21.
  670     305        2             10.            45.
  671     306        2             11.            32.
  672     307        2             14.            17.
  673     308        2              9.            52.
  674     309        2              8.            57.
  675     310        2             10.            15.
  676     311        2             11.            50.
  677     312        2              9.            21.
  678     313        2              6.            53.
  679     314        2              8.            16.
  680     315        2              8.            13.
  681     316        2              6.             6.
  682     317        2              7.             9.
  683     318        2              8.            38.
  684     319        2              7.            28.
  685     320        2             11.            31.
  686     321        2              9.            31.
  687     322        2             10.             9.
  688     323        2             11.            15.
  689     324        2              6.            36.
  690     325        2              4.            36.
  691     326        2              8.             9.
  692     327        2              7.            29.
  693     328        2              6.            27.
  694     329        2              9.             5.
  695     330        2              8.            10.
  696     331        2              7.            27.
  697     332        2              2.            32.
  698     333        2              0.            20.
  699     334        2              1.             5.
  700     335        2              1.             8.
  701     336        2              4.             6.
  702     337        2              4.             5.
  703     338        2              2.             7.
  704     339        2              3.             9.
  705     340        2              4.             5.
  706     341        2              4.             6.
  707     342        2              7.             5.
  708     343        2              5.            10.
  709     344        2              4.             7.
  710     345        2              3.             2.
  711     346        2              2.             2.
  712     347        2              4.             2.
  713     348        2              4.             7.
  714     349        2              6.             3.
  715     350        2              8.             5.
  716     351        2              6.             9.
  717     352        2              7.             6.
  718     353        2              7.             9.
  719     354        2              6.            23.
  720     355        2              8.             8.
  721     356        2              6.            17.
  722     357        2              6.            10.
  723     358        2              4.            13.
  724     359        2              1.            18.
  725     360        2             -1.            26.
  726     361        2              3.             8.
  727     362        2              4.             6.
  728     363        2              2.             5.
  729     364        2              3.             2.
  730     365        2              3.             7.
  731       1        3              0.            13.
  732       2        3              0.            13.
  733       3        3              1.            10.
  734       4        3             -0.             6.
  735       5        3              1.             8.
  736       6        3             -0.             5.
  737       7        3              0.             5.
  738       8        3             -0.             9.
  739       9        3              0.             9.
  740      10        3              1.            18.
  741      11        3              4.            13.
  742      12        3              1.            24.
  743      13        3              0.            12.
  744      14        3             -2.             7.
  745      15        3             -3.            14.
  746      16        3             -6.            49.
  747      17        3             -1.            30.
  748      18        3              0.            13.
  749      19        3              2.            10.
  750      20        3              5.             7.
  751      21        3              5.            23.
  752      22        3              4.            24.
  753      23        3              2.            20.
  754      24        3              1.            17.
  755      25        3              0.            20.
  756      26        3             -1.            27.
  757      27        3              0.            15.
  758      28        3             -3.            62.
  759      29        3             -4.            28.
  760      30        3             -2.            39.
  761      31        3             -1.            66.
  762      32        3             -2.            62.
  763      33        3             -5.            42.
  764      34        3             -2.            20.
  765      35        3             -4.            27.
  766      36        3             -5.            39.
  767      37        3             -5.            71.
  768      38        3             -4.            34.
  769      39        3             -3.            37.
  770      40        3             -4.            29.
  771      41        3             -5.            80.
  772      42        3             -7.            59.
  773      43        3             -8.           102.
  774      44        3             -6.            98.
  775      45        3             -5.            90.
  776      46        3             -1.            23.
  777      47        3             -1.            34.
  778      48        3              1.            27.
  779      49        3              3.            26.
  780      50        3              4.            73.
  781      51        3              6.            51.
  782      52        3              7.            73.
  783      53        3              6.            80.
  784      54        3              6.            27.
  785      55        3             10.            30.
  786      56        3              8.            56.
  787      57        3              6.            52.
  788      58        3              5.           101.
  789      59        3              6.           103.
  790      60        3              4.            58.
  791      61        3              4.           130.
  792      62        3              1.            79.
  793      63        3              1.           138.
  794      64        3              0.           141.
  795      65        3              3.            68.
  796      66        3              3.           132.
  797      67        3             -0.           150.
  798      68        3             -0.           157.
  799      69        3              0.            72.
  800      70        3              4.            28.
  801      71        3              4.            67.
  802      72        3              3.            36.
  803      73        3              4.           100.
  804      74        3              4.            73.
  805      75        3              3.           153.
  806      76        3              3.            93.
  807      77        3              2.           138.
  808      78        3              1.           147.
  809      79        3              4.            54.
  810      80        3              5.           155.
  811      81        3              4.            72.
  812      82        3              6.            95.
  813      83        3              7.           104.
  814      84        3              6.           149.
  815      85        3              7.            80.
  816      86        3              5.            94.
  817      87        3              6.            40.
  818      88        3              9.            32.
  819      89        3             11.           189.
  820      90        3             10.           118.
  821      91        3              6.           203.
  822      92        3              6.           182.
  823      93        3              5.           205.
  824      94        3              5.            74.
  825      95        3              2.           133.
  826      96        3              3.           188.
  827      97        3              4.           142.
  828      98        3              3.           103.
  829      99        3              5.           171.
  830     100        3              3.           189.
  831     101        3              1.            43.
  832     102        3              3.           183.
  833     103        3              4.           194.
  834     104        3              4.           207.
  835     105        3              4.           183.
  836     106        3              5.           215.
  837     107        3              8.           193.
  838     108        3             10.           242.
  839     109        3             10.           251.
  840     110        3             10.           263.
  841     111        3              7.           226.
  842     112        3              6.           277.
  843     113        3              6.           189.
  844     114        3              5.           266.
  845     115        3              4.           273.
  846     116        3              4.           205.
  847     117        3              5.           267.
  848     118        3              7.           182.
  849     119        3              7.           213.
  850     120        3              6.            49.
  851     121        3              7.           149.
  852     122        3              8.           211.
  853     123        3              7.           190.
  854     124        3              6.            67.
  855     125        3              6.            98.
  856     126        3              5.           126.
  857     127        3              5.           183.
  858     128        3              8.           238.
  859     129        3             13.           215.
  860     130        3             15.           174.
  861     131        3             12.           100.
  862     132        3             10.            52.
  863     133        3             11.           133.
  864     134        3             11.           108.
  865     135        3              8.            88.
  866     136        3             10.            78.
  867     137        3             10.           130.
  868     138        3             10.           186.
  869     139        3              9.           141.
  870     140        3              9.           231.
  871     141        3             10.           176.
  872     142        3             10.           125.
  873     143        3              9.           100.
  874     144        3             10.            98.
  875     145        3             10.            83.
  876     146        3              9.            69.
  877     147        3             10.           177.
  878     148        3             10.           277.
  879     149        3             13.           322.
  880     150        3             14.           333.
  881     151        3             13.           334.
  882     152        3             13.           240.
  883     153        3             14.           245.
  884     154        3             16.           159.
  885     155        3             17.           288.
  886     156        3             18.           317.
  887     157        3             17.           231.
  888     158        3             15.           242.
  889     159        3             15.           328.
  890     160        3             16.           329.
  891     161        3             17.           295.
  892     162        3             17.           167.
  893     163        3             13.           260.
  894     164        3             14.           336.
  895     165        3             15.           174.
  896     166        3             13.           302.
  897     167        3             15.           345.
  898     168        3             21.           286.
  899     169        3             18.           168.
  900     170        3             18.           237.
  901     171        3             15.           139.
  902     172        3             13.           126.
  903     173        3             15.           213.
  904     174        3             15.           207.
  905     175        3             14.           330.
  906     176        3             15.           168.
  907     177        3             15.            96.
  908     178        3             15.           251.
  909     179        3             15.           350.
  910     180        3             14.           243.
  911     181        3             16.           209.
  912     182        3             17.           287.
  913     183        3             17.           108.
  914     184        3             16.            69.
  915     185        3             19.           221.
  916     186        3             18.           191.
  917     187        3             16.           146.
  918     188        3             18.           292.
  919     189        3             18.           241.
  920     190        3             17.           204.
  921     191        3             16.           181.
  922     192        3             17.           234.
  923     193        3             19.           284.
  924     194        3             21.           266.
  925     195        3             23.           294.
  926     196        3             20.           300.
  927     197        3             21.           321.
  928     198        3             19.           321.
  929     199        3             16.           207.
  930     200        3             16.           300.
  931     201        3             16.           181.
  932     202        3             16.           132.
  933     203        3             16.           220.
  934     204        3             17.           249.
  935     205        3             19.           297.
  936     206        3             19.           119.
  937     207        3             21.           191.
  938     208        3             19.           209.
  939     209        3             17.           178.
  940     210        3             15.           163.
  941     211        3             17.           191.
  942     212        3             16.           172.
  943     213        3             14.           188.
  944     214        3             15.           247.
  945     215        3             14.           251.
  946     216        3             14.           166.
  947     217        3             15.           171.
  948     218        3             18.           237.
  949     219        3             15.            87.
  950     220        3             15.           135.
  951     221        3             16.           171.
  952     222        3             15.           131.
  953     223        3             16.           209.
  954     224        3             18.           152.
  955     225        3             17.           150.
  956     226        3             15.           181.
  957     227        3             15.           153.
  958     228        3             13.            79.
  959     229        3             16.           225.
  960     230        3             14.            82.
  961     231        3             14.           197.
  962     232        3             14.           166.
  963     233        3             13.           171.
  964     234        3             14.           212.
  965     235        3             15.           244.
  966     236        3             15.           229.
  967     237        3             16.           138.
  968     238        3             14.            76.
  969     239        3             15.            50.
  970     240        3             15.           101.
  971     241        3             16.           145.
  972     242        3             16.           228.
  973     243        3             15.           220.
  974     244        3             16.           207.
  975     245        3             15.           168.
  976     246        3             15.           215.
  977     247        3             14.           218.
  978     248        3             13.           219.
  979     249        3             12.           115.
  980     250        3             15.           113.
  981     251        3             18.           182.
  982     252        3             18.           190.
  983     253        3             17.            84.
  984     254        3             18.            80.
  985     255        3             16.            90.
  986     256        3             15.            72.
  987     257        3             15.           139.
  988     258        3             14.            37.
  989     259        3             14.            46.
  990     260        3             12.            45.
  991     261        3             13.            52.
  992     262        3             11.            57.
  993     263        3             11.            90.
  994     264        3             12.            87.
  995     265        3             14.           157.
  996     266        3             13.           133.
  997     267        3             15.           100.
  998     268        3             14.           133.
  999     269        3             12.            36.
 1000     270        3             12.            37.
 1001     271        3             16.           108.
 1002     272        3             14.            29.
 1003     273        3             13.            50.
 1004     274        3             14.            66.
 1005     275        3             14.            57.
 1006     276        3             14.            35.
 1007     277        3             15.            34.
 1008     278        3             13.            53.
 1009     279        3             12.           100.
 1010     280        3             11.            53.
 1011     281        3             11.            54.
 1012     282        3             10.            36.
 1013     283        3              9.            60.
 1014     284        3              8.            97.
 1015     285        3              8.            93.
 1016     286        3              8.            59.
 1017     287        3              9.            73.
 1018     288        3              7.            81.
 1019     289        3              7.            83.
 1020     290        3              6.            94.
 1021     291        3              8.            82.
 1022     292        3              7.            91.
 1023     293        3              7.            86.
 1024     294        3              8.            26.
 1025     295        3             12.            22.
 1026     296        3             12.            43.
 1027     297        3             10.            52.
 1028     298        3             10.            57.
 1029     299        3             12.            20.
 1030     300        3              9.            27.
 1031     301        3              8.            60.
 1032     302        3              9.            64.
 1033     303        3              8.            62.
 1034     304        3             10.            21.
 1035     305        3             10.            45.
 1036     306        3             11.            32.
 1037     307        3             14.            17.
 1038     308        3              9.            52.
 1039     309        3              8.            57.
 1040     310        3             10.            15.
 1041     311        3             11.            50.
 1042     312        3              9.            21.
 1043     313        3              6.            53.
 1044     314        3              8.            16.
 1045     315        3              8.            13.
 1046     316        3              6.             6.
 1047     317        3              7.             9.
 1048     318        3              8.            38.
 1049     319        3              7.            28.
 1050     320        3             11.            31.
 1051     321        3              9.            31.
 1052     322        3             10.             9.
 1053     323        3             11.            15.
 1054     324        3              6.            36.
 1055     325        3              4.            36.
 1056     326        3              8.             9.
 1057     327        3              7.            29.
 1058     328        3              6.            27.
 1059     329        3              9.             5.
 1060     330        3              8.            10.
 1061     331        3              7.            27.
 1062     332        3              2.            32.
 1063     333        3              0.            20.
 1064     334        3              1.             5.
 1065     335        3              1.             8.
 1066     336        3              4.             6.
 1067     337        3              4.             5.
 1068     338        3              2.             7.
 1069     339        3              3.             9.
 1070     340        3              4.             5.
 1071     341        3              4.             6.
 1072     342        3              7.             5.
 1073     343        3              5.            10.
 1074     344        3              4.             7.
 1075     345        3              3.             2.
 1076     346        3              2.             2.
 1077     347        3              4.             2.
 1078     348        3              4.             7.
 1079     349        3              6.             3.
 1080     350        3              8.             5.
 1081     351        3              6.             9.
 1082     352        3              7.             6.
 1083     353        3              7.             9.
 1084     354        3              6.            23.
 1085     355        3              8.             8.
 1086     356        3              6.            17.
 1087     357        3              6.            10.
 1088     358        3              4.            13.
 1089     359        3              1.            18.
 1090     360        3             -1.            26.
 1091     361        3              3.             8.
 1092     362        3              4.             6.
 1093     363        3              2.             5.
 1094     364        3              3.             2.
 1095     365        3              3.             7.
