 Day of  Day of    Year   Slurry  Frozen  Slurry   Air    Wall   Floor    Slurry
 sim.     year             mass    mass   depth     T      T       T        T
    1       1        1  2264.30    0.00    3.00    0.13    0.78    2.42   14.90
    2       2        1  2272.73    0.00    3.01    0.63    0.38    1.90   14.72
    3       3        1  2281.16    0.00    3.02   -0.76   -0.06    1.06   14.53
    4       4        1  2289.58    0.00    3.03   -0.13   -0.45    0.26   14.34
    5       5        1  2298.01    0.00    3.04   -0.56   -0.35   -0.14   14.16
    6       6        1  2306.44    0.00    3.06   -1.87   -1.21   -0.54   13.96
    7       7        1  2314.87    0.00    3.07   -0.74   -1.31   -0.81   13.77
    8       8        1  2323.30    0.00    3.08   -0.19   -0.46   -0.70   13.59
    9       9        1  2331.73    0.00    3.09   -2.27   -1.23   -1.13   13.40
   10      10        1  2340.15    0.00    3.10   -1.53   -1.90   -1.32   13.21
   11      11        1  2348.58    0.00    3.11   -1.90   -1.71   -1.33   13.02
   12      12        1  2357.01    0.00    3.12   -3.19   -2.55   -1.82   12.83
   13      13        1  2365.44    0.00    3.13   -3.35   -3.27   -2.45   12.64
   14      14        1  2373.87    0.00    3.15   -4.47   -3.91   -2.89   12.43
   15      15        1  2382.29    0.00    3.16  -10.20   -7.34   -4.62   12.19
   16      16        1  2390.72    0.00    3.17   -3.91   -7.06   -5.02   11.96
   17      17        1  2399.15    0.00    3.18   -3.05   -3.48   -5.00   11.77
   18      18        1  2407.58    0.00    3.19   -1.67   -2.36   -4.66   11.59
   19      19        1  2416.01    0.00    3.20   -1.51   -1.59   -4.07   11.42
   20      20        1  2424.44    0.00    3.21    0.34   -0.58   -1.96   11.27
   21      21        1  2432.86    0.00    3.22    2.02    1.18   -0.77   11.14
   22      22        1  2441.29    0.00    3.23    1.96    1.99    0.23   11.03
   23      23        1  2449.72    0.00    3.25    3.00    2.48    1.16   10.92
   24      24        1  2458.15    0.00    3.26   -1.90    0.55    1.08   10.80
   25      25        1  2466.58    0.00    3.27   -0.95   -1.43    0.83   10.66
   26      26        1  2475.00    0.00    3.28   -3.49   -2.22   -0.28   10.51
   27      27        1  2483.43    0.00    3.29   -7.17   -5.33   -2.10   10.33
   28      28        1  2491.86    0.00    3.30   -4.99   -6.08   -3.70   10.14
   29      29        1  2500.29    0.00    3.31   -4.31   -4.65   -4.18    9.97
   30      30        1  2508.72    0.00    3.32  -12.10   -8.21   -6.41    9.76
   31      31        1  2517.15    0.00    3.33  -14.30  -13.20   -8.57    9.50
   32      32        1  2525.57    0.00    3.35  -11.20  -12.75   -9.38    9.25
   33      33        1  2534.00    0.00    3.36   -7.32   -9.26   -9.85    9.04
   34      34        1  2542.43    0.00    3.37   -7.08   -7.20  -10.40    8.84
   35      35        1  2550.86    0.00    3.38   -9.35   -8.22   -9.85    8.64
   36      36        1  2559.29    0.00    3.39  -10.90  -10.12   -9.17    8.42
   37      37        1  2567.71    0.00    3.40  -10.50  -10.70   -9.03    8.21
   38      38        1  2576.14    0.00    3.41  -14.30  -12.40  -10.43    7.98
   39      39        1  2584.57    0.00    3.42  -12.80  -13.55  -11.57    7.74
   40      40        1  2593.00    0.00    3.44  -17.20  -15.00  -13.14    7.49
   41      41        1  2601.43    0.00    3.45  -15.40  -16.30  -14.04    7.22
   42      42        1  2609.86    0.00    3.46  -14.20  -14.80  -14.78    6.97
   43      43        1  2618.28    0.00    3.47  -11.40  -12.80  -14.20    6.75
   44      44        1  2626.71    0.00    3.48   -9.19  -10.29  -13.48    6.56
   45      45        1  2635.14    0.00    3.49   -4.32   -6.75  -10.90    6.40
   46      46        1  2643.57    0.00    3.50  -10.40   -7.36   -9.90    6.24
   47      47        1  2652.00    0.00    3.51   -9.96  -10.18   -9.05    6.07
   48      48        1  2660.42    0.00    3.52   -4.58   -7.27   -7.69    5.92
   49      49        1  2668.85    0.00    3.54   -4.90   -4.74   -6.83    5.80
   50      50        1  2677.28    0.00    3.55    0.31   -2.30   -5.91    5.70
   51      51        1  2685.71    0.00    3.56    2.10    1.20   -3.41    5.64
   52      52        1  2694.14    0.00    3.57    3.37    2.74   -0.74    5.61
   53      53        1  2702.57    0.00    3.58    2.15    2.76    0.61    5.57
   54      54        1  2710.99    0.00    3.59    2.42    2.29    2.07    5.53
   55      55        1  2719.42    0.00    3.60    5.28    3.85    3.06    5.52
   56      56        1  2727.85    0.00    3.61    8.64    6.96    4.37    5.53
   57      57        1  2736.28    0.00    3.63    5.76    7.20    4.85    5.55
   58      58        1  2744.71    0.00    3.64    2.15    3.96    4.85    5.54
   59      59        1  2753.13    0.00    3.65    3.62    2.89    5.09    5.52
   60      60        1  2761.56    0.00    3.66    3.07    3.35    4.65    5.51
   61      61        1  2770.00    0.00    3.67    3.08    3.08    3.54    5.50
   62      62        1  2776.38    0.00    3.68    2.35    2.72    2.85    5.48
   63      63        1  2782.77    0.00    3.69   -1.00    0.68    2.22    5.44
   64      64        1  2789.16    0.00    3.70   -3.36   -2.18    0.83    5.38
   65      65        1  2795.54    0.00    3.70    1.65   -0.85    0.54    5.32
   66      66        1  2801.93    0.00    3.71   -0.44    0.60   -0.16    5.27
   67      67        1  2808.32    0.00    3.72   -0.88   -0.66   -0.81    5.22
   68      68        1  2814.70    0.00    3.73   -1.76   -1.32   -0.96    5.16
   69      69        1  2821.09    0.00    3.74   -5.37   -3.56   -1.36    5.07
   70      70        1  2827.48    0.00    3.75   -1.65   -3.51   -2.02    4.99
   71      71        1  2833.86    0.00    3.75    1.73    0.04   -1.58    4.94
   72      72        1  2840.25    0.00    3.76    3.08    2.41   -0.79    4.91
   73      73        1  2846.64    0.00    3.77    1.80    2.44   -0.08    4.88
   74      74        1  2853.02    0.00    3.78    1.88    1.84    1.37    4.86
   75      75        1  2859.41    0.00    3.79    0.96    1.42    1.89    4.83
   76      76        1  2865.79    0.00    3.80   -0.37    0.30    1.47    4.80
   77      77        1  2872.18    0.00    3.81   -1.41   -0.89    0.57    4.75
   78      78        1  2878.57    0.00    3.81   -2.34   -1.87   -0.26    4.69
   79      79        1  2884.95    0.00    3.82    2.65    0.16   -0.10    4.65
   80      80        1  2891.34    0.00    3.83    3.33    2.99    0.37    4.64
   81      81        1  2897.73    0.00    3.84    4.03    3.68    1.25    4.64
   82      82        1  2904.11    0.00    3.85    6.68    5.36    2.87    4.66
   83      83        1  2910.50    0.00    3.86    7.06    6.87    4.75    4.69
   84      84        1  2916.89    0.00    3.86    6.62    6.84    5.54    4.72
   85      85        1  2923.27    0.00    3.87    6.45    6.54    6.17    4.76
   86      86        1  2929.66    0.00    3.88    7.14    6.80    6.79    4.79
   87      87        1  2936.05    0.00    3.89    4.45    5.80    6.34    4.81
   88      88        1  2942.43    0.00    3.90    8.21    6.33    6.57    4.83
   89      89        1  2948.82    0.00    3.91   10.80    9.51    7.41    4.88
   90      90        1  2955.20    0.00    3.92    5.88    8.34    7.30    4.92
   91      91        1  2961.59    0.00    3.92    3.55    4.72    6.58    4.94
   92      92        1  2967.98    0.00    3.93    3.70    3.63    6.43    4.94
   93      93        1  2974.36    0.00    3.94    5.08    4.39    5.80    4.96
   94      94        1  2980.75    0.00    3.95    6.60    5.84    4.96    4.98
   95      95        1  2987.14    0.00    3.96    2.11    4.36    4.21    4.99
   96      96        1  2993.52    0.00    3.97    3.40    2.76    4.18    4.98
   97      97        1  2999.91    0.00    3.97    3.07    3.24    4.05    4.98
   98      98        1  3006.30    0.00    3.98    1.28    2.18    3.29    4.98
   99      99        1  3012.68    0.00    3.99    4.12    2.70    2.80    4.97
  100     100        1  3019.07    0.00    4.00    4.18    4.15    3.21    4.98
  101     101        1  1132.15    0.00    1.50    3.23    3.71    3.18    4.98
  102     102        1  1139.70    0.00    1.51    2.96    3.10    3.15    4.96
  103     103        1  1147.25    0.00    1.52    2.29    2.63    3.36    4.93
  104     104        1  1154.79    0.00    1.53    1.39    1.84    2.81    4.91
  105     105        1  1162.34    0.00    1.54    2.40    1.90    2.45    4.89
  106     106        1  1169.89    0.00    1.55    4.49    3.45    2.71    4.92
  107     107        1  1177.44    0.00    1.56    6.48    5.49    3.41    4.98
  108     108        1  1184.98    0.00    1.57    6.48    6.48    4.25    5.07
  109     109        1  1192.53    0.00    1.58    6.22    6.35    5.21    5.15
  110     110        1  1200.08    0.00    1.59    7.10    6.66    6.15    5.25
  111     111        1  1207.63    0.00    1.60    7.52    7.31    6.76    5.35
  112     112        1  1215.18    0.00    1.61    1.53    4.53    5.77    5.36
  113     113        1  1222.72    0.00    1.62    3.52    2.53    5.18    5.34
  114     114        1  1230.27    0.00    1.63    1.88    2.70    4.31    5.32
  115     115        1  1237.82    0.00    1.64    0.99    1.43    3.09    5.27
  116     116        1  1245.37    0.00    1.65    1.74    1.36    1.93    5.21
  117     117        1  1252.91    0.00    1.66    2.71    2.23    2.17    5.19
  118     118        1  1260.46    0.00    1.67    3.22    2.97    2.11    5.18
  119     119        1  1268.01    0.00    1.68    3.48    3.35    2.43    5.17
  120     120        1  1275.56    0.00    1.69    3.42    3.45    2.91    5.18
  121     121        1  1283.10    0.00    1.70    3.76    3.59    3.32    5.20
  122     122        1  1290.65    0.00    1.71    6.16    4.96    4.01    5.23
  123     123        1  1298.20    0.00    1.72    5.55    5.86    4.47    5.28
  124     124        1  1305.75    0.00    1.73    6.52    6.04    5.08    5.34
  125     125        1  1313.29    0.00    1.74    3.37    4.95    5.07    5.36
  126     126        1  1320.84    0.00    1.75    3.10    3.24    4.94    5.34
  127     127        1  1328.39    0.00    1.76    3.17    3.14    4.34    5.32
  128     128        1  1335.94    0.00    1.77    6.07    4.62    4.45    5.35
  129     129        1  1343.56    0.00    1.78    5.90    5.99    4.32    5.40
  130     130        1  1351.18    0.00    1.79   12.50    9.20    6.15    5.49
  131     131        1  1358.81    0.00    1.80   15.40   13.95    8.61    5.68
  132     132        1  1366.43    0.00    1.81   15.60   15.50   11.09    5.92
  133     133        1  1374.05    0.00    1.82   17.60   16.60   13.40    6.18
  134     134        1  1381.67    0.00    1.83   13.00   15.30   14.82    6.41
  135     135        1  1389.29    0.00    1.84    9.62   11.31   14.24    6.55
  136     136        1  1396.91    0.00    1.85   10.90   10.26   13.34    6.66
  137     137        1  1404.53    0.00    1.86   10.90   10.90   12.40    6.78
  138     138        1  1412.16    0.00    1.87   11.50   11.20   11.18    6.91
  139     139        1  1419.78    0.00    1.88   12.50   12.00   11.08    7.06
  140     140        1  1427.40    0.00    1.89   12.50   12.50   11.66    7.22
  141     141        1  1435.02    0.00    1.90    9.93   11.22   11.47    7.34
  142     142        1  1442.64    0.00    1.91   11.20   10.57   11.53    7.45
  143     143        1  1450.26    0.00    1.92    8.07    9.64   10.84    7.54
  144     144        1  1457.89    0.00    1.93    8.70    8.39   10.08    7.58
  145     145        1  1465.51    0.00    1.94   11.80   10.25    9.94    7.67
  146     146        1  1473.13    0.00    1.95    9.02   10.41    9.76    7.74
  147     147        1  1480.75    0.00    1.96    6.45    7.74    8.81    7.75
  148     148        1  1488.37    0.00    1.97   11.30    8.88    9.45    7.81
  149     149        1  1495.99    0.00    1.98   12.10   11.70   10.13    7.94
  150     150        1  1503.62    0.00    1.99   13.60   12.85   10.49    8.09
  151     151        1  1511.24    0.00    2.00   13.60   13.60   11.41    8.24
  152     152        1  1518.86    0.00    2.01   13.00   13.30   12.72    8.38
  153     153        1  1526.48    0.00    2.02   14.90   13.95   13.44    8.53
  154     154        1  1534.10    0.00    2.03   15.40   15.15   14.10    8.70
  155     155        1  1541.72    0.00    2.04   15.90   15.65   14.56    8.89
  156     156        1  1549.35    0.00    2.05   18.00   16.95   15.44    9.09
  157     157        1  1556.97    0.00    2.06   18.80   18.40   16.60    9.31
  158     158        1  1564.59    0.00    2.07   19.10   18.95   17.44    9.53
  159     159        1  1572.21    0.00    2.08   17.40   18.25   17.84    9.72
  160     160        1  1579.83    0.00    2.09   17.30   17.35   18.12    9.89
  161     161        1  1587.45    0.00    2.10   18.40   17.85   18.20   10.09
  162     162        1  1595.08    0.00    2.11   19.40   18.90   18.32   10.30
  163     163        1  1602.70    0.00    2.12   15.70   17.55   17.64   10.47
  164     164        1  1610.32    0.00    2.13   14.90   15.30   17.14   10.60
  165     165        1  1617.94    0.00    2.14   15.40   15.15   16.76   10.74
  166     166        1  1625.56    0.00    2.15   13.00   14.20   15.68   10.83
  167     167        1  1633.18    0.00    2.16   18.30   15.65   15.46   10.94
  168     168        1  1640.81    0.00    2.17   16.40   17.35   15.60   11.08
  169     169        1  1648.43    0.00    2.18   13.30   14.85   15.28   11.16
  170     170        1  1656.05    0.00    2.19   17.60   15.45   15.72   11.27
  171     171        1  1663.67    0.00    2.20   20.40   19.00   17.20   11.46
  172     172        1  1671.29    0.00    2.21   20.60   20.50   17.66   11.66
  173     173        1  1678.91    0.00    2.22   19.30   19.95   18.24   11.85
  174     174        1  1686.54    0.00    2.23   17.60   18.45   19.10   12.02
  175     175        1  1694.16    0.00    2.24   19.10   18.35   19.40   12.19
  176     176        1  1701.78    0.00    2.25   22.50   20.80   19.82   12.39
  177     177        1  1709.40    0.00    2.26   23.50   23.00   20.40   12.61
  178     178        1  1717.02    0.00    2.27   23.10   23.30   21.16   12.84
  179     179        1  1724.64    0.00    2.28   23.20   23.15   22.28   13.06
  180     180        1  1732.26    0.00    2.30   22.70   22.95   23.00   13.27
  181     181        1  1739.89    0.00    2.31   19.80   21.25   22.46   13.44
  182     182        1  1747.51    0.00    2.32   15.60   17.70   20.88   13.56
  183     183        1  1755.13    0.00    2.33   15.70   15.65   19.40   13.64
  184     184        1  1762.75    0.00    2.34   15.50   15.60   17.86   13.71
  185     185        1  1770.37    0.00    2.35   15.40   15.45   16.40   13.79
  186     186        1  1777.99    0.00    2.36   13.60   14.50   15.16   13.84
  187     187        1  1785.62    0.00    2.37   14.50   14.05   14.94   13.86
  188     188        1  1793.24    0.00    2.38   14.30   14.40   14.66   13.89
  189     189        1  1800.86    0.00    2.39   14.70   14.50   14.50   13.94
  190     190        1  1808.48    0.00    2.40   11.90   13.30   13.80   13.97
  191     191        1  1816.10    0.00    2.41   14.60   13.25   14.00   14.00
  192     192        1  1823.72    0.00    2.42   12.90   13.75   13.68   14.04
  193     193        1  1831.35    0.00    2.43   14.20   13.55   13.66   14.06
  194     194        1  1838.97    0.00    2.44   13.30   13.75   13.38   14.09
  195     195        1  1846.59    0.00    2.45   13.50   13.40   13.70   14.11
  196     196        1  1854.21    0.00    2.46   16.00   14.75   13.98   14.16
  197     197        1  1861.83    0.00    2.47   16.20   16.10   14.64   14.21
  198     198        1  1869.45    0.00    2.48   17.30   16.75   15.26   14.28
  199     199        1  1877.08    0.00    2.49   20.00   18.65   16.60   14.39
  200     200        1  1884.70    0.00    2.50   19.50   19.75   17.80   14.51
  201     201        1  1892.32    0.00    2.51   20.50   20.00   18.70   14.63
  202     202        1  1899.94    0.00    2.52   19.50   20.00   19.36   14.74
  203     203        1  1907.56    0.00    2.53   13.90   16.70   18.68   14.79
  204     204        1  1915.18    0.00    2.54   14.30   14.10   17.54   14.83
  205     205        1  1922.81    0.00    2.55   12.80   13.55   16.20   14.86
  206     206        1  1930.43    0.00    2.56   14.40   13.60   14.98   14.89
  207     207        1  1938.05    0.00    2.57   15.20   14.80   14.12   14.92
  208     208        1  1945.67    0.00    2.58   17.20   16.20   14.78   14.98
  209     209        1  1953.29    0.00    2.59   18.80   18.00   15.68   15.06
  210     210        1  1960.91    0.00    2.60   16.10   17.45   16.34   15.12
  211     211        1  1968.54    0.00    2.61   15.60   15.85   16.58   15.15
  212     212        1  1976.16    0.00    2.62   16.00   15.80   16.74   15.19
  213     213        1  1983.78    0.00    2.63   16.90   16.45   16.68   15.24
  214     214        1  1991.40    0.00    2.64   18.10   17.50   16.54   15.31
  215     215        1  1999.02    0.00    2.65   19.10   18.60   17.14   15.38
  216     216        1  2006.64    0.00    2.66   17.50   18.30   17.52   15.45
  217     217        1  2014.27    0.00    2.67   15.90   16.70   17.50   15.50
  218     218        1  2021.89    0.00    2.68   15.60   15.75   17.24   15.54
  219     219        1  2029.51    0.00    2.69   19.70   17.65   17.56   15.60
  220     220        1  2037.13    0.00    2.70   21.70   20.70   18.08   15.70
  221     221        1  2044.75    0.00    2.71   22.70   22.20   19.12   15.82
  222     222        1  2052.37    0.00    2.72   18.30   20.50   19.60   15.93
  223     223        1  2059.99    0.00    2.73   15.80   17.05   19.64   15.99
  224     224        1  2067.62    0.00    2.74   14.90   15.35   18.68   16.03
  225     225        1  2075.24    0.00    2.75   19.20   17.05   18.18   16.08
  226     226        1  2082.86    0.00    2.76   18.60   18.90   17.36   16.15
  227     227        1  2090.48    0.00    2.77   20.30   19.45   17.76   16.23
  228     228        1  2098.10    0.00    2.78   21.90   21.10   18.98   16.32
  229     229        1  2105.72    0.00    2.79   20.30   21.10   20.06   16.42
  230     230        1  2113.35    0.00    2.80   19.90   20.10   20.20   16.50
  231     231        1  1955.79    0.00    2.59   20.80   20.35   20.64   16.59
  232     232        1  1798.23    0.00    2.38   20.90   20.85   20.76   16.69
  233     233        1  1640.68    0.00    2.17   19.40   20.15   20.26   16.79
  234     234        1  1483.12    0.00    1.96   19.80   19.60   20.16   16.87
  235     235        1  1325.56    0.00    1.76   20.60   20.20   20.30   16.97
  236     236        1  1168.00    0.00    1.55   18.30   19.45   19.80   17.06
  237     237        1  1010.45    0.00    1.34   15.90   17.10   18.80   17.10
  238     238        1   852.89    0.00    1.13   13.20   14.55   17.56   17.10
  239     239        1   864.21    0.00    1.15   13.00   13.10   16.20   17.07
  240     240        1   875.53    0.00    1.16   12.40   12.70   14.56   17.01
  241     241        1   886.85    0.00    1.18   12.10   12.25   13.32   16.92
  242     242        1   898.17    0.00    1.19   12.40   12.25   12.62   16.81
  243     243        1   909.50    0.00    1.21   13.70   13.05   12.72   16.73
  244     244        1   920.82    0.00    1.22   10.80   12.25   12.28   16.63
  245     245        1   932.14    0.00    1.24   13.40   12.10   12.48   16.55
  246     246        1   943.46    0.00    1.25   11.50   12.45   12.36   16.48
  247     247        1   954.78    0.00    1.27   15.90   13.70   13.06   16.42
  248     248        1   966.10    0.00    1.28   15.60   15.75   13.44   16.41
  249     249        1   977.42    0.00    1.30   14.40   15.00   14.16   16.41
  250     250        1   988.75    0.00    1.31   12.70   13.55   14.02   16.38
  251     251        1  1000.07    0.00    1.33   12.20   12.45   14.16   16.34
  252     252        1  1011.39    0.00    1.34   14.10   13.15   13.80   16.30
  253     253        1  1022.71    0.00    1.36   13.00   13.55   13.28   16.25
  254     254        1  1034.03    0.00    1.37   10.50   11.75   12.50   16.17
  255     255        1  1045.35    0.00    1.38   10.90   10.70   12.14   16.09
  256     256        1  1056.67    0.00    1.40   13.20   12.05   12.34   16.01
  257     257        1  1067.99    0.00    1.41   12.90   13.05   12.10   15.96
  258     258        1  1079.32    0.00    1.43   14.70   13.80   12.44   15.93
  259     259        1  1090.64    0.00    1.44   13.70   14.20   13.08   15.90
  260     260        1  1101.96    0.00    1.46   12.90   13.30   13.48   15.84
  261     261        1  1113.28    0.00    1.47    9.51   11.21   12.74   15.76
  262     262        1  1124.60    0.00    1.49   11.10   10.31   12.38   15.68
  263     263        1  1135.92    0.00    1.50    8.37    9.74   11.12   15.59
  264     264        1  1147.25    0.00    1.52    8.07    8.22    9.99   15.45
  265     265        1  1158.57    0.00    1.53   13.40   10.74   10.09   15.35
  266     266        1  1169.89    0.00    1.55   13.40   13.40   10.87   15.32
  267     267        1  1181.21    0.00    1.56   12.90   13.15   11.23   15.29
  268     268        1  1192.53    0.00    1.58   14.40   13.65   12.43   15.28
  269     269        1  1203.85    0.00    1.59   12.20   13.30   13.26   15.26
  270     270        1  1215.17    0.00    1.61   14.30   13.25   13.44   15.24
  271     271        1  1226.50    0.00    1.62   12.70   13.50   13.30   15.20
  272     272        1  1237.82    0.00    1.64   12.20   12.45   13.16   15.15
  273     273        1  1249.14    0.00    1.65   12.90   12.55   12.86   15.10
  274     274        1  1260.46    0.00    1.67   13.20   13.05   13.06   15.07
  275     275        1  1271.78    0.00    1.68   11.70   12.45   12.54   15.03
  276     276        1  1283.10    0.00    1.70   13.10   12.40   12.62   14.99
  277     277        1  1294.42    0.00    1.71   12.70   12.90   12.72   14.96
  278     278        1  1305.75    0.00    1.73   13.70   13.20   12.88   14.92
  279     279        1  1317.07    0.00    1.74   14.10   13.90   13.06   14.91
  280     280        1  1328.39    0.00    1.76   12.90   13.50   13.30   14.89
  281     281        1  1339.71    0.00    1.77   13.10   13.00   13.30   14.86
  282     282        1  1351.03    0.00    1.79   12.10   12.60   13.18   14.83
  283     283        1  1362.35    0.00    1.80   10.30   11.20   12.50   14.78
  284     284        1  1373.68    0.00    1.82    8.55    9.43   11.39   14.69
  285     285        1  1385.00    0.00    1.83    7.65    8.10   10.34   14.58
  286     286        1  1396.32    0.00    1.85    7.19    7.42    9.16   14.45
  287     287        1  1407.64    0.00    1.86    6.15    6.67    7.97   14.31
  288     288        1  1418.96    0.00    1.88    6.31    6.23    7.17   14.17
  289     289        1  1430.28    0.00    1.89    6.52    6.42    6.76   14.03
  290     290        1  1441.60    0.00    1.91    5.62    6.07    6.36   13.88
  291     291        1  1452.93    0.00    1.92    6.54    6.08    6.23   13.75
  292     292        1  1464.25    0.00    1.94    2.31    4.43    5.46   13.58
  293     293        1  1475.57    0.00    1.95    1.62    1.97    4.52   13.39
  294     294        1  1486.89    0.00    1.97    0.80    1.21    3.38   13.18
  295     295        1  1498.21    0.00    1.98    8.47    4.64    3.95   13.02
  296     296        1  1509.53    0.00    2.00   10.60    9.54    4.76   12.94
  297     297        1  1520.85    0.00    2.01    3.65    7.13    5.03   12.83
  298     298        1  1532.18    0.00    2.03    0.89    2.27    4.88   12.64
  299     299        1  1543.50    0.00    2.04    7.93    4.41    6.31   12.50
  300     300        1  1554.82    0.00    2.06   10.50    9.22    6.71   12.44
  301     301        1  1566.14    0.00    2.07    9.36    9.93    6.47   12.38
  302     302        1  1577.46    0.00    2.09    7.71    8.54    7.28   12.31
  303     303        1  1588.37    0.00    2.10    5.48    6.60    8.20   12.22
  304     304        1  1599.27    0.00    2.12    1.63    3.56    6.94   12.08
  305     305        1  1610.17    0.00    2.13    5.27    3.45    5.89   11.95
  306     306        1  1621.07    0.00    2.15    9.44    7.36    5.91   11.86
  307     307        1  1631.97    0.00    2.16   12.80   11.12    6.92   11.84
  308     308        1  1642.88    0.00    2.18    9.79   11.30    7.79   11.82
  309     309        1  1653.78    0.00    2.19    5.61    7.70    8.58   11.75
  310     310        1  1664.68    0.00    2.21    7.16    6.39    8.96   11.68
  311     311        1  1675.58    0.00    2.22    7.95    7.56    8.66   11.62
  312     312        1  1686.48    0.00    2.23    7.95    7.95    7.69   11.56
  313     313        1  1697.39    0.00    2.25    6.25    7.10    6.98   11.49
  314     314        1  1708.29    0.00    2.26    5.05    5.65    6.87   11.40
  315     315        1  1719.19    0.00    2.28    3.98    4.52    6.24   11.30
  316     316        1  1730.09    0.00    2.29    6.07    5.03    5.86   11.20
  317     317        1  1741.00    0.00    2.31    5.30    5.69    5.33   11.11
  318     318        1  1751.90    0.00    2.32    6.58    5.94    5.40   11.02
  319     319        1  1762.80    0.00    2.34    7.00    6.79    5.79   10.95
  320     320        1  1773.70    0.00    2.35    7.63    7.32    6.52   10.89
  321     321        1  1784.60    0.00    2.36    9.99    8.81    7.30   10.85
  322     322        1  1795.51    0.00    2.38    8.66    9.33    7.97   10.83
  323     323        1  1806.41    0.00    2.39   11.50   10.08    8.96   10.81
  324     324        1  1817.31    0.00    2.41    5.96    8.73    8.75   10.78
  325     325        1  1828.21    0.00    2.42   -0.44    2.76    7.13   10.67
  326     326        1  1839.11    0.00    2.44    1.90    0.73    5.52   10.53
  327     327        1  1850.02    0.00    2.45    5.53    3.72    4.89   10.43
  328     328        1  1860.92    0.00    2.47    2.80    4.17    3.15   10.34
  329     329        1  1871.82    0.00    2.48    2.16    2.48    2.39   10.22
  330     330        1  1882.72    0.00    2.49    7.45    4.81    3.97   10.14
  331     331        1  1893.63    0.00    2.51    5.18    6.32    4.62   10.07
  332     332        1  1904.53    0.00    2.52   -1.01    2.09    3.32    9.96
  333     333        1  1915.43    0.00    2.54    0.30   -0.36    2.82    9.82
  334     334        1  1926.33    0.00    2.55   -1.28   -0.49    2.13    9.67
  335     335        1  1937.23    0.00    2.57   -0.82   -1.05    0.47    9.52
  336     336        1  1948.14    0.00    2.58    1.63    0.41   -0.24    9.38
  337     337        1  1959.04    0.00    2.60    1.42    1.53    0.25    9.26
  338     338        1  1969.94    0.00    2.61    2.42    1.92    0.67    9.15
  339     339        1  1980.84    0.00    2.62    3.24    2.83    1.58    9.05
  340     340        1  1991.74    0.00    2.64    5.76    4.50    2.89    8.98
  341     341        1  2002.65    0.00    2.65    7.10    6.43    3.99    8.94
  342     342        1  2013.55    0.00    2.67    4.73    5.92    4.65    8.89
  343     343        1  2024.45    0.00    2.68    2.77    3.75    4.72    8.82
  344     344        1  2035.35    0.00    2.70    1.98    2.38    4.47    8.73
  345     345        1  2046.26    0.00    2.71    1.87    1.93    3.69    8.64
  346     346        1  2057.16    0.00    2.73    1.66    1.77    2.60    8.54
  347     347        1  2068.06    0.00    2.74    4.28    2.97    2.51    8.47
  348     348        1  2078.96    0.00    2.75    2.65    3.47    2.49    8.39
  349     349        1  2089.87    0.00    2.77    0.75    1.70    2.24    8.30
  350     350        1  2100.77    0.00    2.78    5.41    3.08    2.95    8.23
  351     351        1  2111.67    0.00    2.80    4.84    5.13    3.59    8.18
  352     352        1  2122.57    0.00    2.81    3.28    4.06    3.39    8.12
  353     353        1  2133.48    0.00    2.83    4.60    3.94    3.78    8.06
  354     354        1  2144.38    0.00    2.84    6.02    5.31    4.83    8.03
  355     355        1  2155.28    0.00    2.86    5.60    5.81    4.87    7.99
  356     356        1  2166.18    0.00    2.87    6.16    5.88    5.13    7.96
  357     357        1  2177.08    0.00    2.88    4.42    5.29    5.36    7.93
  358     358        1  2187.99    0.00    2.90    2.92    3.67    5.02    7.87
  359     359        1  2198.89    0.00    2.91   -1.91    0.51    3.44    7.79
  360     360        1  2209.79    0.00    2.93   -0.83   -1.37    2.15    7.68
  361     361        1  2220.69    0.00    2.94   -3.49   -2.16    0.22    7.55
  362     362        1  2231.59    0.00    2.96    3.25   -0.12   -0.01    7.45
  363     363        1  2242.50    0.00    2.97    3.42    3.34    0.09    7.39
  364     364        1  2253.40    0.00    2.99    3.88    3.65    1.25    7.34
  365     365        1  2264.30    0.00    3.00    1.42    2.65    1.70    7.27
  366       1        2  2264.30    0.00    3.00    0.13    0.78    2.42    7.19
  367       2        2  2272.73    0.00    3.01    0.63    0.38    1.90    7.11
  368       3        2  2281.16    0.00    3.02   -0.76   -0.06    1.06    7.02
  369       4        2  2289.58    0.00    3.03   -0.13   -0.45    0.26    6.93
  370       5        2  2298.01    0.00    3.04   -0.56   -0.35   -0.14    6.84
  371       6        2  2306.44    0.00    3.06   -1.87   -1.21   -0.54    6.74
  372       7        2  2314.87    0.00    3.07   -0.74   -1.31   -0.81    6.64
  373       8        2  2323.30    0.00    3.08   -0.19   -0.46   -0.70    6.55
  374       9        2  2331.73    0.00    3.09   -2.27   -1.23   -1.13    6.45
  375      10        2  2340.15    0.00    3.10   -1.53   -1.90   -1.32    6.35
  376      11        2  2348.58    0.00    3.11   -1.90   -1.71   -1.33    6.25
  377      12        2  2357.01    0.00    3.12   -3.19   -2.55   -1.82    6.14
  378      13        2  2365.44    0.00    3.13   -3.35   -3.27   -2.45    6.03
  379      14        2  2373.87    0.00    3.15   -4.47   -3.91   -2.89    5.91
  380      15        2  2382.29    0.00    3.16  -10.20   -7.34   -4.62    5.75
  381      16        2  2390.72    0.00    3.17   -3.91   -7.06   -5.02    5.60
  382      17        2  2399.15    0.00    3.18   -3.05   -3.48   -5.00    5.48
  383      18        2  2407.58    0.00    3.19   -1.67   -2.36   -4.66    5.38
  384      19        2  2416.01    0.00    3.20   -1.51   -1.59   -4.07    5.29
  385      20        2  2424.44    0.00    3.21    0.34   -0.58   -1.96    5.21
  386      21        2  2432.86    0.00    3.22    2.02    1.18   -0.77    5.16
  387      22        2  2441.29    0.00    3.23    1.96    1.99    0.23    5.12
  388      23        2  2449.72    0.00    3.25    3.00    2.48    1.16    5.08
  389      24        2  2458.15    0.00    3.26   -1.90    0.55    1.08    5.03
  390      25        2  2466.58    0.00    3.27   -0.95   -1.43    0.83    4.96
  391      26        2  2475.00    0.00    3.28   -3.49   -2.22   -0.28    4.88
  392      27        2  2483.43    0.00    3.29   -7.17   -5.33   -2.10    4.77
  393      28        2  2491.86    0.00    3.30   -4.99   -6.08   -3.70    4.65
  394      29        2  2500.29    0.00    3.31   -4.31   -4.65   -4.18    4.54
  395      30        2  2508.72    0.00    3.32  -12.10   -8.21   -6.41    4.39
  396      31        2  2517.15    0.00    3.33  -14.30  -13.20   -8.57    4.20
  397      32        2  2525.57    0.00    3.35  -11.20  -12.75   -9.38    4.01
  398      33        2  2534.00    0.00    3.36   -7.32   -9.26   -9.85    3.86
  399      34        2  2542.43    0.00    3.37   -7.08   -7.20  -10.40    3.73
  400      35        2  2550.86    0.00    3.38   -9.35   -8.22   -9.85    3.58
  401      36        2  2559.29    0.00    3.39  -10.90  -10.12   -9.17    3.43
  402      37        2  2567.71    0.00    3.40  -10.50  -10.70   -9.03    3.27
  403      38        2  2576.14    0.00    3.41  -14.30  -12.40  -10.43    3.10
  404      39        2  2584.57    0.00    3.42  -12.80  -13.55  -11.57    2.91
  405      40        2  2593.00    0.00    3.44  -17.20  -15.00  -13.14    2.72
  406      41        2  2601.43    0.00    3.45  -15.40  -16.30  -14.04    2.51
  407      42        2  2609.86    0.00    3.46  -14.20  -14.80  -14.78    2.32
  408      43        2  2618.28    0.00    3.47  -11.40  -12.80  -14.20    2.14
  409      44        2  2626.71    0.00    3.48   -9.19  -10.29  -13.48    2.00
  410      45        2  2635.14    0.00    3.49   -4.32   -6.75  -10.90    1.90
  411      46        2  2643.57    0.00    3.50  -10.40   -7.36   -9.90    1.80
  412      47        2  2652.00    0.00    3.51   -9.96  -10.18   -9.05    1.67
  413      48        2  2660.42    0.00    3.52   -4.58   -7.27   -7.69    1.57
  414      49        2  2668.85    0.00    3.54   -4.90   -4.74   -6.83    1.50
  415      50        2  2677.28    0.00    3.55    0.31   -2.30   -5.91    1.45
  416      51        2  2685.71    0.00    3.56    2.10    1.20   -3.41    1.44
  417      52        2  2694.14    0.00    3.57    3.37    2.74   -0.74    1.45
  418      53        2  2702.57    0.00    3.58    2.15    2.76    0.61    1.46
  419      54        2  2710.99    0.00    3.59    2.42    2.29    2.07    1.47
  420      55        2  2719.42    0.00    3.60    5.28    3.85    3.06    1.50
  421      56        2  2727.85    0.00    3.61    8.64    6.96    4.37    1.55
  422      57        2  2736.28    0.00    3.63    5.76    7.20    4.85    1.62
  423      58        2  2744.71    0.00    3.64    2.15    3.96    4.85    1.65
  424      59        2  2753.13    0.00    3.65    3.62    2.89    5.09    1.68
  425      60        2  2761.56    0.00    3.66    3.07    3.35    4.65    1.71
  426      61        2  2770.00    0.00    3.67    3.08    3.08    3.54    1.74
  427      62        2  2776.38    0.00    3.68    2.35    2.72    2.85    1.76
  428      63        2  2782.77    0.00    3.69   -1.00    0.68    2.22    1.76
  429      64        2  2789.16    0.00    3.70   -3.36   -2.18    0.83    1.74
  430      65        2  2795.54    0.00    3.70    1.65   -0.85    0.54    1.72
  431      66        2  2801.93    0.00    3.71   -0.44    0.60   -0.16    1.71
  432      67        2  2808.32    0.00    3.72   -0.88   -0.66   -0.81    1.70
  433      68        2  2814.70    0.00    3.73   -1.76   -1.32   -0.96    1.67
  434      69        2  2821.09    0.00    3.74   -5.37   -3.56   -1.36    1.63
  435      70        2  2827.48    0.00    3.75   -1.65   -3.51   -2.02    1.58
  436      71        2  2833.86    0.00    3.75    1.73    0.04   -1.58    1.56
  437      72        2  2840.25    0.00    3.76    3.08    2.41   -0.79    1.57
  438      73        2  2846.64    0.00    3.77    1.80    2.44   -0.08    1.58
  439      74        2  2853.02    0.00    3.78    1.88    1.84    1.37    1.59
  440      75        2  2859.41    0.00    3.79    0.96    1.42    1.89    1.60
  441      76        2  2865.79    0.00    3.80   -0.37    0.30    1.47    1.60
  442      77        2  2872.18    0.00    3.81   -1.41   -0.89    0.57    1.58
  443      78        2  2878.57    0.00    3.81   -2.34   -1.87   -0.26    1.56
  444      79        2  2884.95    0.00    3.82    2.65    0.16   -0.10    1.56
  445      80        2  2891.34    0.00    3.83    3.33    2.99    0.37    1.58
  446      81        2  2897.73    0.00    3.84    4.03    3.68    1.25    1.61
  447      82        2  2904.11    0.00    3.85    6.68    5.36    2.87    1.66
  448      83        2  2910.50    0.00    3.86    7.06    6.87    4.75    1.72
  449      84        2  2916.89    0.00    3.86    6.62    6.84    5.54    1.78
  450      85        2  2923.27    0.00    3.87    6.45    6.54    6.17    1.85
  451      86        2  2929.66    0.00    3.88    7.14    6.80    6.79    1.91
  452      87        2  2936.05    0.00    3.89    4.45    5.80    6.34    1.96
  453      88        2  2942.43    0.00    3.90    8.21    6.33    6.57    2.01
  454      89        2  2948.82    0.00    3.91   10.80    9.51    7.41    2.09
  455      90        2  2955.20    0.00    3.92    5.88    8.34    7.30    2.16
  456      91        2  2961.59    0.00    3.92    3.55    4.72    6.58    2.20
  457      92        2  2967.98    0.00    3.93    3.70    3.63    6.43    2.24
  458      93        2  2974.36    0.00    3.94    5.08    4.39    5.80    2.28
  459      94        2  2980.75    0.00    3.95    6.60    5.84    4.96    2.33
  460      95        2  2987.14    0.00    3.96    2.11    4.36    4.21    2.37
  461      96        2  2993.52    0.00    3.97    3.40    2.76    4.18    2.39
  462      97        2  2999.91    0.00    3.97    3.07    3.24    4.05    2.41
  463      98        2  3006.30    0.00    3.98    1.28    2.18    3.29    2.43
  464      99        2  3012.68    0.00    3.99    4.12    2.70    2.80    2.45
  465     100        2  3019.07    0.00    4.00    4.18    4.15    3.21    2.48
  466     101        2  1132.15    0.00    1.50    3.23    3.71    3.18    2.53
  467     102        2  1139.70    0.00    1.51    2.96    3.10    3.15    2.57
  468     103        2  1147.25    0.00    1.52    2.29    2.63    3.36    2.60
  469     104        2  1154.79    0.00    1.53    1.39    1.84    2.81    2.63
  470     105        2  1162.34    0.00    1.54    2.40    1.90    2.45    2.67
  471     106        2  1169.89    0.00    1.55    4.49    3.45    2.71    2.75
  472     107        2  1177.44    0.00    1.56    6.48    5.49    3.41    2.86
  473     108        2  1184.98    0.00    1.57    6.48    6.48    4.25    3.00
  474     109        2  1192.53    0.00    1.58    6.22    6.35    5.21    3.14
  475     110        2  1200.08    0.00    1.59    7.10    6.66    6.15    3.28
  476     111        2  1207.63    0.00    1.60    7.52    7.31    6.76    3.42
  477     112        2  1215.18    0.00    1.61    1.53    4.53    5.77    3.48
  478     113        2  1222.72    0.00    1.62    3.52    2.53    5.18    3.50
  479     114        2  1230.27    0.00    1.63    1.88    2.70    4.31    3.53
  480     115        2  1237.82    0.00    1.64    0.99    1.43    3.09    3.52
  481     116        2  1245.37    0.00    1.65    1.74    1.36    1.93    3.50
  482     117        2  1252.91    0.00    1.66    2.71    2.23    2.17    3.51
  483     118        2  1260.46    0.00    1.67    3.22    2.97    2.11    3.54
  484     119        2  1268.01    0.00    1.68    3.48    3.35    2.43    3.57
  485     120        2  1275.56    0.00    1.69    3.42    3.45    2.91    3.61
  486     121        2  1283.10    0.00    1.70    3.76    3.59    3.32    3.66
  487     122        2  1290.65    0.00    1.71    6.16    4.96    4.01    3.73
  488     123        2  1298.20    0.00    1.72    5.55    5.86    4.47    3.81
  489     124        2  1305.75    0.00    1.73    6.52    6.04    5.08    3.90
  490     125        2  1313.29    0.00    1.74    3.37    4.95    5.07    3.95
  491     126        2  1320.84    0.00    1.75    3.10    3.24    4.94    3.96
  492     127        2  1328.39    0.00    1.76    3.17    3.14    4.34    3.97
  493     128        2  1335.94    0.00    1.77    6.07    4.62    4.45    4.03
  494     129        2  1343.56    0.00    1.78    5.90    5.99    4.32    4.11
  495     130        2  1351.18    0.00    1.79   12.50    9.20    6.15    4.22
  496     131        2  1358.81    0.00    1.80   15.40   13.95    8.61    4.44
  497     132        2  1366.43    0.00    1.81   15.60   15.50   11.09    4.70
  498     133        2  1374.05    0.00    1.82   17.60   16.60   13.40    5.00
  499     134        2  1381.67    0.00    1.83   13.00   15.30   14.82    5.25
  500     135        2  1389.29    0.00    1.84    9.62   11.31   14.24    5.41
  501     136        2  1396.91    0.00    1.85   10.90   10.26   13.34    5.54
  502     137        2  1404.53    0.00    1.86   10.90   10.90   12.40    5.68
  503     138        2  1412.16    0.00    1.87   11.50   11.20   11.18    5.83
  504     139        2  1419.78    0.00    1.88   12.50   12.00   11.08    6.00
  505     140        2  1427.40    0.00    1.89   12.50   12.50   11.66    6.18
  506     141        2  1435.02    0.00    1.90    9.93   11.22   11.47    6.33
  507     142        2  1442.64    0.00    1.91   11.20   10.57   11.53    6.46
  508     143        2  1450.26    0.00    1.92    8.07    9.64   10.84    6.56
  509     144        2  1457.89    0.00    1.93    8.70    8.39   10.08    6.63
  510     145        2  1465.51    0.00    1.94   11.80   10.25    9.94    6.73
  511     146        2  1473.13    0.00    1.95    9.02   10.41    9.76    6.82
  512     147        2  1480.75    0.00    1.96    6.45    7.74    8.81    6.85
  513     148        2  1488.37    0.00    1.97   11.30    8.88    9.45    6.93
  514     149        2  1495.99    0.00    1.98   12.10   11.70   10.13    7.08
  515     150        2  1503.62    0.00    1.99   13.60   12.85   10.49    7.24
  516     151        2  1511.24    0.00    2.00   13.60   13.60   11.41    7.40
  517     152        2  1518.86    0.00    2.01   13.00   13.30   12.72    7.56
  518     153        2  1526.48    0.00    2.02   14.90   13.95   13.44    7.73
  519     154        2  1534.10    0.00    2.03   15.40   15.15   14.10    7.92
  520     155        2  1541.72    0.00    2.04   15.90   15.65   14.56    8.11
  521     156        2  1549.35    0.00    2.05   18.00   16.95   15.44    8.33
  522     157        2  1556.97    0.00    2.06   18.80   18.40   16.60    8.56
  523     158        2  1564.59    0.00    2.07   19.10   18.95   17.44    8.80
  524     159        2  1572.21    0.00    2.08   17.40   18.25   17.84    9.00
  525     160        2  1579.83    0.00    2.09   17.30   17.35   18.12    9.19
  526     161        2  1587.45    0.00    2.10   18.40   17.85   18.20    9.40
  527     162        2  1595.08    0.00    2.11   19.40   18.90   18.32    9.62
  528     163        2  1602.70    0.00    2.12   15.70   17.55   17.64    9.80
  529     164        2  1610.32    0.00    2.13   14.90   15.30   17.14    9.95
  530     165        2  1617.94    0.00    2.14   15.40   15.15   16.76   10.10
  531     166        2  1625.56    0.00    2.15   13.00   14.20   15.68   10.19
  532     167        2  1633.18    0.00    2.16   18.30   15.65   15.46   10.32
  533     168        2  1640.81    0.00    2.17   16.40   17.35   15.60   10.47
  534     169        2  1648.43    0.00    2.18   13.30   14.85   15.28   10.56
  535     170        2  1656.05    0.00    2.19   17.60   15.45   15.72   10.68
  536     171        2  1663.67    0.00    2.20   20.40   19.00   17.20   10.88
  537     172        2  1671.29    0.00    2.21   20.60   20.50   17.66   11.09
  538     173        2  1678.91    0.00    2.22   19.30   19.95   18.24   11.29
  539     174        2  1686.54    0.00    2.23   17.60   18.45   19.10   11.47
  540     175        2  1694.16    0.00    2.24   19.10   18.35   19.40   11.65
  541     176        2  1701.78    0.00    2.25   22.50   20.80   19.82   11.85
  542     177        2  1709.40    0.00    2.26   23.50   23.00   20.40   12.09
  543     178        2  1717.02    0.00    2.27   23.10   23.30   21.16   12.33
  544     179        2  1724.64    0.00    2.28   23.20   23.15   22.28   12.56
  545     180        2  1732.26    0.00    2.30   22.70   22.95   23.00   12.77
  546     181        2  1739.89    0.00    2.31   19.80   21.25   22.46   12.95
  547     182        2  1747.51    0.00    2.32   15.60   17.70   20.88   13.08
  548     183        2  1755.13    0.00    2.33   15.70   15.65   19.40   13.16
  549     184        2  1762.75    0.00    2.34   15.50   15.60   17.86   13.25
  550     185        2  1770.37    0.00    2.35   15.40   15.45   16.40   13.33
  551     186        2  1777.99    0.00    2.36   13.60   14.50   15.16   13.39
  552     187        2  1785.62    0.00    2.37   14.50   14.05   14.94   13.42
  553     188        2  1793.24    0.00    2.38   14.30   14.40   14.66   13.46
  554     189        2  1800.86    0.00    2.39   14.70   14.50   14.50   13.51
  555     190        2  1808.48    0.00    2.40   11.90   13.30   13.80   13.54
  556     191        2  1816.10    0.00    2.41   14.60   13.25   14.00   13.59
  557     192        2  1823.72    0.00    2.42   12.90   13.75   13.68   13.63
  558     193        2  1831.35    0.00    2.43   14.20   13.55   13.66   13.65
  559     194        2  1838.97    0.00    2.44   13.30   13.75   13.38   13.69
  560     195        2  1846.59    0.00    2.45   13.50   13.40   13.70   13.72
  561     196        2  1854.21    0.00    2.46   16.00   14.75   13.98   13.77
  562     197        2  1861.83    0.00    2.47   16.20   16.10   14.64   13.84
  563     198        2  1869.45    0.00    2.48   17.30   16.75   15.26   13.91
  564     199        2  1877.08    0.00    2.49   20.00   18.65   16.60   14.02
  565     200        2  1884.70    0.00    2.50   19.50   19.75   17.80   14.15
  566     201        2  1892.32    0.00    2.51   20.50   20.00   18.70   14.27
  567     202        2  1899.94    0.00    2.52   19.50   20.00   19.36   14.38
  568     203        2  1907.56    0.00    2.53   13.90   16.70   18.68   14.45
  569     204        2  1915.18    0.00    2.54   14.30   14.10   17.54   14.49
  570     205        2  1922.81    0.00    2.55   12.80   13.55   16.20   14.53
  571     206        2  1930.43    0.00    2.56   14.40   13.60   14.98   14.56
  572     207        2  1938.05    0.00    2.57   15.20   14.80   14.12   14.60
  573     208        2  1945.67    0.00    2.58   17.20   16.20   14.78   14.66
  574     209        2  1953.29    0.00    2.59   18.80   18.00   15.68   14.74
  575     210        2  1960.91    0.00    2.60   16.10   17.45   16.34   14.81
  576     211        2  1968.54    0.00    2.61   15.60   15.85   16.58   14.85
  577     212        2  1976.16    0.00    2.62   16.00   15.80   16.74   14.89
  578     213        2  1983.78    0.00    2.63   16.90   16.45   16.68   14.94
  579     214        2  1991.40    0.00    2.64   18.10   17.50   16.54   15.01
  580     215        2  1999.02    0.00    2.65   19.10   18.60   17.14   15.10
  581     216        2  2006.64    0.00    2.66   17.50   18.30   17.52   15.17
  582     217        2  2014.27    0.00    2.67   15.90   16.70   17.50   15.22
  583     218        2  2021.89    0.00    2.68   15.60   15.75   17.24   15.27
  584     219        2  2029.51    0.00    2.69   19.70   17.65   17.56   15.33
  585     220        2  2037.13    0.00    2.70   21.70   20.70   18.08   15.43
  586     221        2  2044.75    0.00    2.71   22.70   22.20   19.12   15.56
  587     222        2  2052.37    0.00    2.72   18.30   20.50   19.60   15.67
  588     223        2  2059.99    0.00    2.73   15.80   17.05   19.64   15.73
  589     224        2  2067.62    0.00    2.74   14.90   15.35   18.68   15.77
  590     225        2  2075.24    0.00    2.75   19.20   17.05   18.18   15.83
  591     226        2  2082.86    0.00    2.76   18.60   18.90   17.36   15.91
  592     227        2  2090.48    0.00    2.77   20.30   19.45   17.76   15.98
  593     228        2  2098.10    0.00    2.78   21.90   21.10   18.98   16.08
  594     229        2  2105.72    0.00    2.79   20.30   21.10   20.06   16.18
  595     230        2  2113.35    0.00    2.80   19.90   20.10   20.20   16.27
  596     231        2  1955.79    0.00    2.59   20.80   20.35   20.64   16.36
  597     232        2  1798.23    0.00    2.38   20.90   20.85   20.76   16.47
  598     233        2  1640.68    0.00    2.17   19.40   20.15   20.26   16.56
  599     234        2  1483.12    0.00    1.96   19.80   19.60   20.16   16.65
  600     235        2  1325.56    0.00    1.76   20.60   20.20   20.30   16.75
  601     236        2  1168.00    0.00    1.55   18.30   19.45   19.80   16.85
  602     237        2  1010.45    0.00    1.34   15.90   17.10   18.80   16.90
  603     238        2   852.89    0.00    1.13   13.20   14.55   17.56   16.90
  604     239        2   864.21    0.00    1.15   13.00   13.10   16.20   16.87
  605     240        2   875.53    0.00    1.16   12.40   12.70   14.56   16.82
  606     241        2   886.85    0.00    1.18   12.10   12.25   13.32   16.74
  607     242        2   898.17    0.00    1.19   12.40   12.25   12.62   16.64
  608     243        2   909.50    0.00    1.21   13.70   13.05   12.72   16.56
  609     244        2   920.82    0.00    1.22   10.80   12.25   12.28   16.47
  610     245        2   932.14    0.00    1.24   13.40   12.10   12.48   16.40
  611     246        2   943.46    0.00    1.25   11.50   12.45   12.36   16.33
  612     247        2   954.78    0.00    1.27   15.90   13.70   13.06   16.27
  613     248        2   966.10    0.00    1.28   15.60   15.75   13.44   16.27
  614     249        2   977.42    0.00    1.30   14.40   15.00   14.16   16.27
  615     250        2   988.75    0.00    1.31   12.70   13.55   14.02   16.25
  616     251        2  1000.07    0.00    1.33   12.20   12.45   14.16   16.20
  617     252        2  1011.39    0.00    1.34   14.10   13.15   13.80   16.17
  618     253        2  1022.71    0.00    1.36   13.00   13.55   13.28   16.13
  619     254        2  1034.03    0.00    1.37   10.50   11.75   12.50   16.05
  620     255        2  1045.35    0.00    1.38   10.90   10.70   12.14   15.97
  621     256        2  1056.67    0.00    1.40   13.20   12.05   12.34   15.90
  622     257        2  1067.99    0.00    1.41   12.90   13.05   12.10   15.85
  623     258        2  1079.32    0.00    1.43   14.70   13.80   12.44   15.82
  624     259        2  1090.64    0.00    1.44   13.70   14.20   13.08   15.79
  625     260        2  1101.96    0.00    1.46   12.90   13.30   13.48   15.74
  626     261        2  1113.28    0.00    1.47    9.51   11.21   12.74   15.66
  627     262        2  1124.60    0.00    1.49   11.10   10.31   12.38   15.58
  628     263        2  1135.92    0.00    1.50    8.37    9.74   11.12   15.49
  629     264        2  1147.25    0.00    1.52    8.07    8.22    9.99   15.36
  630     265        2  1158.57    0.00    1.53   13.40   10.74   10.09   15.26
  631     266        2  1169.89    0.00    1.55   13.40   13.40   10.87   15.23
  632     267        2  1181.21    0.00    1.56   12.90   13.15   11.23   15.21
  633     268        2  1192.53    0.00    1.58   14.40   13.65   12.43   15.19
  634     269        2  1203.85    0.00    1.59   12.20   13.30   13.26   15.18
  635     270        2  1215.17    0.00    1.61   14.30   13.25   13.44   15.15
  636     271        2  1226.50    0.00    1.62   12.70   13.50   13.30   15.12
  637     272        2  1237.82    0.00    1.64   12.20   12.45   13.16   15.07
  638     273        2  1249.14    0.00    1.65   12.90   12.55   12.86   15.02
  639     274        2  1260.46    0.00    1.67   13.20   13.05   13.06   14.99
  640     275        2  1271.78    0.00    1.68   11.70   12.45   12.54   14.95
  641     276        2  1283.10    0.00    1.70   13.10   12.40   12.62   14.91
  642     277        2  1294.42    0.00    1.71   12.70   12.90   12.72   14.89
  643     278        2  1305.75    0.00    1.73   13.70   13.20   12.88   14.85
  644     279        2  1317.07    0.00    1.74   14.10   13.90   13.06   14.84
  645     280        2  1328.39    0.00    1.76   12.90   13.50   13.30   14.83
  646     281        2  1339.71    0.00    1.77   13.10   13.00   13.30   14.80
  647     282        2  1351.03    0.00    1.79   12.10   12.60   13.18   14.77
  648     283        2  1362.35    0.00    1.80   10.30   11.20   12.50   14.72
  649     284        2  1373.68    0.00    1.82    8.55    9.43   11.39   14.63
  650     285        2  1385.00    0.00    1.83    7.65    8.10   10.34   14.52
  651     286        2  1396.32    0.00    1.85    7.19    7.42    9.16   14.39
  652     287        2  1407.64    0.00    1.86    6.15    6.67    7.97   14.25
  653     288        2  1418.96    0.00    1.88    6.31    6.23    7.17   14.11
  654     289        2  1430.28    0.00    1.89    6.52    6.42    6.76   13.97
  655     290        2  1441.60    0.00    1.91    5.62    6.07    6.36   13.83
  656     291        2  1452.93    0.00    1.92    6.54    6.08    6.23   13.69
  657     292        2  1464.25    0.00    1.94    2.31    4.43    5.46   13.53
  658     293        2  1475.57    0.00    1.95    1.62    1.97    4.52   13.34
  659     294        2  1486.89    0.00    1.97    0.80    1.21    3.38   13.13
  660     295        2  1498.21    0.00    1.98    8.47    4.64    3.95   12.97
  661     296        2  1509.53    0.00    2.00   10.60    9.54    4.76   12.89
  662     297        2  1520.85    0.00    2.01    3.65    7.13    5.03   12.78
  663     298        2  1532.18    0.00    2.03    0.89    2.27    4.88   12.60
  664     299        2  1543.50    0.00    2.04    7.93    4.41    6.31   12.46
  665     300        2  1554.82    0.00    2.06   10.50    9.22    6.71   12.39
  666     301        2  1566.14    0.00    2.07    9.36    9.93    6.47   12.34
  667     302        2  1577.46    0.00    2.09    7.71    8.54    7.28   12.27
  668     303        2  1588.37    0.00    2.10    5.48    6.60    8.20   12.18
  669     304        2  1599.27    0.00    2.12    1.63    3.56    6.94   12.04
  670     305        2  1610.17    0.00    2.13    5.27    3.45    5.89   11.90
  671     306        2  1621.07    0.00    2.15    9.44    7.36    5.91   11.82
  672     307        2  1631.97    0.00    2.16   12.80   11.12    6.92   11.80
  673     308        2  1642.88    0.00    2.18    9.79   11.30    7.79   11.78
  674     309        2  1653.78    0.00    2.19    5.61    7.70    8.58   11.72
  675     310        2  1664.68    0.00    2.21    7.16    6.39    8.96   11.64
  676     311        2  1675.58    0.00    2.22    7.95    7.56    8.66   11.58
  677     312        2  1686.48    0.00    2.23    7.95    7.95    7.69   11.53
  678     313        2  1697.39    0.00    2.25    6.25    7.10    6.98   11.46
  679     314        2  1708.29    0.00    2.26    5.05    5.65    6.87   11.37
  680     315        2  1719.19    0.00    2.28    3.98    4.52    6.24   11.26
  681     316        2  1730.09    0.00    2.29    6.07    5.03    5.86   11.17
  682     317        2  1741.00    0.00    2.31    5.30    5.69    5.33   11.07
  683     318        2  1751.90    0.00    2.32    6.58    5.94    5.40   10.99
  684     319        2  1762.80    0.00    2.34    7.00    6.79    5.79   10.92
  685     320        2  1773.70    0.00    2.35    7.63    7.32    6.52   10.86
  686     321        2  1784.60    0.00    2.36    9.99    8.81    7.30   10.82
  687     322        2  1795.51    0.00    2.38    8.66    9.33    7.97   10.80
  688     323        2  1806.41    0.00    2.39   11.50   10.08    8.96   10.78
  689     324        2  1817.31    0.00    2.41    5.96    8.73    8.75   10.75
  690     325        2  1828.21    0.00    2.42   -0.44    2.76    7.13   10.64
  691     326        2  1839.11    0.00    2.44    1.90    0.73    5.52   10.50
  692     327        2  1850.02    0.00    2.45    5.53    3.72    4.89   10.41
  693     328        2  1860.92    0.00    2.47    2.80    4.17    3.15   10.31
  694     329        2  1871.82    0.00    2.48    2.16    2.48    2.39   10.20
  695     330        2  1882.72    0.00    2.49    7.45    4.81    3.97   10.11
  696     331        2  1893.63    0.00    2.51    5.18    6.32    4.62   10.05
  697     332        2  1904.53    0.00    2.52   -1.01    2.09    3.32    9.93
  698     333        2  1915.43    0.00    2.54    0.30   -0.36    2.82    9.79
  699     334        2  1926.33    0.00    2.55   -1.28   -0.49    2.13    9.64
  700     335        2  1937.23    0.00    2.57   -0.82   -1.05    0.47    9.49
  701     336        2  1948.14    0.00    2.58    1.63    0.41   -0.24    9.36
  702     337        2  1959.04    0.00    2.60    1.42    1.53    0.25    9.24
  703     338        2  1969.94    0.00    2.61    2.42    1.92    0.67    9.12
  704     339        2  1980.84    0.00    2.62    3.24    2.83    1.58    9.03
  705     340        2  1991.74    0.00    2.64    5.76    4.50    2.89    8.96
  706     341        2  2002.65    0.00    2.65    7.10    6.43    3.99    8.91
  707     342        2  2013.55    0.00    2.67    4.73    5.92    4.65    8.87
  708     343        2  2024.45    0.00    2.68    2.77    3.75    4.72    8.79
  709     344        2  2035.35    0.00    2.70    1.98    2.38    4.47    8.71
  710     345        2  2046.26    0.00    2.71    1.87    1.93    3.69    8.62
  711     346        2  2057.16    0.00    2.73    1.66    1.77    2.60    8.52
  712     347        2  2068.06    0.00    2.74    4.28    2.97    2.51    8.44
  713     348        2  2078.96    0.00    2.75    2.65    3.47    2.49    8.37
  714     349        2  2089.87    0.00    2.77    0.75    1.70    2.24    8.28
  715     350        2  2100.77    0.00    2.78    5.41    3.08    2.95    8.21
  716     351        2  2111.67    0.00    2.80    4.84    5.13    3.59    8.16
  717     352        2  2122.57    0.00    2.81    3.28    4.06    3.39    8.10
  718     353        2  2133.48    0.00    2.83    4.60    3.94    3.78    8.05
  719     354        2  2144.38    0.00    2.84    6.02    5.31    4.83    8.01
  720     355        2  2155.28    0.00    2.86    5.60    5.81    4.87    7.97
  721     356        2  2166.18    0.00    2.87    6.16    5.88    5.13    7.94
  722     357        2  2177.08    0.00    2.88    4.42    5.29    5.36    7.91
  723     358        2  2187.99    0.00    2.90    2.92    3.67    5.02    7.86
  724     359        2  2198.89    0.00    2.91   -1.91    0.51    3.44    7.77
  725     360        2  2209.79    0.00    2.93   -0.83   -1.37    2.15    7.66
  726     361        2  2220.69    0.00    2.94   -3.49   -2.16    0.22    7.54
  727     362        2  2231.59    0.00    2.96    3.25   -0.12   -0.01    7.44
  728     363        2  2242.50    0.00    2.97    3.42    3.34    0.09    7.38
  729     364        2  2253.40    0.00    2.99    3.88    3.65    1.25    7.32
  730     365        2  2264.30    0.00    3.00    1.42    2.65    1.70    7.26
  731       1        3  2264.30    0.00    3.00    0.13    0.78    2.42    7.18
  732       2        3  2272.73    0.00    3.01    0.63    0.38    1.90    7.09
  733       3        3  2281.16    0.00    3.02   -0.76   -0.06    1.06    7.00
  734       4        3  2289.58    0.00    3.03   -0.13   -0.45    0.26    6.91
  735       5        3  2298.01    0.00    3.04   -0.56   -0.35   -0.14    6.82
  736       6        3  2306.44    0.00    3.06   -1.87   -1.21   -0.54    6.72
  737       7        3  2314.87    0.00    3.07   -0.74   -1.31   -0.81    6.62
  738       8        3  2323.30    0.00    3.08   -0.19   -0.46   -0.70    6.53
  739       9        3  2331.73    0.00    3.09   -2.27   -1.23   -1.13    6.44
  740      10        3  2340.15    0.00    3.10   -1.53   -1.90   -1.32    6.33
  741      11        3  2348.58    0.00    3.11   -1.90   -1.71   -1.33    6.23
  742      12        3  2357.01    0.00    3.12   -3.19   -2.55   -1.82    6.13
  743      13        3  2365.44    0.00    3.13   -3.35   -3.27   -2.45    6.01
  744      14        3  2373.87    0.00    3.15   -4.47   -3.91   -2.89    5.89
  745      15        3  2382.29    0.00    3.16  -10.20   -7.34   -4.62    5.73
  746      16        3  2390.72    0.00    3.17   -3.91   -7.06   -5.02    5.58
  747      17        3  2399.15    0.00    3.18   -3.05   -3.48   -5.00    5.47
  748      18        3  2407.58    0.00    3.19   -1.67   -2.36   -4.66    5.37
  749      19        3  2416.01    0.00    3.20   -1.51   -1.59   -4.07    5.28
  750      20        3  2424.44    0.00    3.21    0.34   -0.58   -1.96    5.20
  751      21        3  2432.86    0.00    3.22    2.02    1.18   -0.77    5.15
  752      22        3  2441.29    0.00    3.23    1.96    1.99    0.23    5.11
  753      23        3  2449.72    0.00    3.25    3.00    2.48    1.16    5.07
  754      24        3  2458.15    0.00    3.26   -1.90    0.55    1.08    5.02
  755      25        3  2466.58    0.00    3.27   -0.95   -1.43    0.83    4.95
  756      26        3  2475.00    0.00    3.28   -3.49   -2.22   -0.28    4.87
  757      27        3  2483.43    0.00    3.29   -7.17   -5.33   -2.10    4.76
  758      28        3  2491.86    0.00    3.30   -4.99   -6.08   -3.70    4.64
  759      29        3  2500.29    0.00    3.31   -4.31   -4.65   -4.18    4.53
  760      30        3  2508.72    0.00    3.32  -12.10   -8.21   -6.41    4.38
  761      31        3  2517.15    0.00    3.33  -14.30  -13.20   -8.57    4.19
  762      32        3  2525.57    0.00    3.35  -11.20  -12.75   -9.38    4.00
  763      33        3  2534.00    0.00    3.36   -7.32   -9.26   -9.85    3.85
  764      34        3  2542.43    0.00    3.37   -7.08   -7.20  -10.40    3.71
  765      35        3  2550.86    0.00    3.38   -9.35   -8.22   -9.85    3.57
  766      36        3  2559.29    0.00    3.39  -10.90  -10.12   -9.17    3.42
  767      37        3  2567.71    0.00    3.40  -10.50  -10.70   -9.03    3.26
  768      38        3  2576.14    0.00    3.41  -14.30  -12.40  -10.43    3.09
  769      39        3  2584.57    0.00    3.42  -12.80  -13.55  -11.57    2.90
  770      40        3  2593.00    0.00    3.44  -17.20  -15.00  -13.14    2.71
  771      41        3  2601.43    0.00    3.45  -15.40  -16.30  -14.04    2.50
  772      42        3  2609.86    0.00    3.46  -14.20  -14.80  -14.78    2.31
  773      43        3  2618.28    0.00    3.47  -11.40  -12.80  -14.20    2.13
  774      44        3  2626.71    0.00    3.48   -9.19  -10.29  -13.48    1.99
  775      45        3  2635.14    0.00    3.49   -4.32   -6.75  -10.90    1.89
  776      46        3  2643.57    0.00    3.50  -10.40   -7.36   -9.90    1.79
  777      47        3  2652.00    0.00    3.51   -9.96  -10.18   -9.05    1.66
  778      48        3  2660.42    0.00    3.52   -4.58   -7.27   -7.69    1.56
  779      49        3  2668.85    0.00    3.54   -4.90   -4.74   -6.83    1.49
  780      50        3  2677.28    0.00    3.55    0.31   -2.30   -5.91    1.44
  781      51        3  2685.71    0.00    3.56    2.10    1.20   -3.41    1.43
  782      52        3  2694.14    0.00    3.57    3.37    2.74   -0.74    1.44
  783      53        3  2702.57    0.00    3.58    2.15    2.76    0.61    1.45
  784      54        3  2710.99    0.00    3.59    2.42    2.29    2.07    1.46
  785      55        3  2719.42    0.00    3.60    5.28    3.85    3.06    1.49
  786      56        3  2727.85    0.00    3.61    8.64    6.96    4.37    1.54
  787      57        3  2736.28    0.00    3.63    5.76    7.20    4.85    1.61
  788      58        3  2744.71    0.00    3.64    2.15    3.96    4.85    1.64
  789      59        3  2753.13    0.00    3.65    3.62    2.89    5.09    1.67
  790      60        3  2761.56    0.00    3.66    3.07    3.35    4.65    1.70
  791      61        3  2770.00    0.00    3.67    3.08    3.08    3.54    1.73
  792      62        3  2776.38    0.00    3.68    2.35    2.72    2.85    1.75
  793      63        3  2782.77    0.00    3.69   -1.00    0.68    2.22    1.75
  794      64        3  2789.16    0.00    3.70   -3.36   -2.18    0.83    1.73
  795      65        3  2795.54    0.00    3.70    1.65   -0.85    0.54    1.71
  796      66        3  2801.93    0.00    3.71   -0.44    0.60   -0.16    1.70
  797      67        3  2808.32    0.00    3.72   -0.88   -0.66   -0.81    1.69
  798      68        3  2814.70    0.00    3.73   -1.76   -1.32   -0.96    1.67
  799      69        3  2821.09    0.00    3.74   -5.37   -3.56   -1.36    1.62
  800      70        3  2827.48    0.00    3.75   -1.65   -3.51   -2.02    1.57
  801      71        3  2833.86    0.00    3.75    1.73    0.04   -1.58    1.56
  802      72        3  2840.25    0.00    3.76    3.08    2.41   -0.79    1.56
  803      73        3  2846.64    0.00    3.77    1.80    2.44   -0.08    1.57
  804      74        3  2853.02    0.00    3.78    1.88    1.84    1.37    1.58
  805      75        3  2859.41    0.00    3.79    0.96    1.42    1.89    1.59
  806      76        3  2865.79    0.00    3.80   -0.37    0.30    1.47    1.59
  807      77        3  2872.18    0.00    3.81   -1.41   -0.89    0.57    1.57
  808      78        3  2878.57    0.00    3.81   -2.34   -1.87   -0.26    1.55
  809      79        3  2884.95    0.00    3.82    2.65    0.16   -0.10    1.55
  810      80        3  2891.34    0.00    3.83    3.33    2.99    0.37    1.57
  811      81        3  2897.73    0.00    3.84    4.03    3.68    1.25    1.60
  812      82        3  2904.11    0.00    3.85    6.68    5.36    2.87    1.65
  813      83        3  2910.50    0.00    3.86    7.06    6.87    4.75    1.71
  814      84        3  2916.89    0.00    3.86    6.62    6.84    5.54    1.78
  815      85        3  2923.27    0.00    3.87    6.45    6.54    6.17    1.84
  816      86        3  2929.66    0.00    3.88    7.14    6.80    6.79    1.90
  817      87        3  2936.05    0.00    3.89    4.45    5.80    6.34    1.95
  818      88        3  2942.43    0.00    3.90    8.21    6.33    6.57    2.00
  819      89        3  2948.82    0.00    3.91   10.80    9.51    7.41    2.09
  820      90        3  2955.20    0.00    3.92    5.88    8.34    7.30    2.15
  821      91        3  2961.59    0.00    3.92    3.55    4.72    6.58    2.20
  822      92        3  2967.98    0.00    3.93    3.70    3.63    6.43    2.23
  823      93        3  2974.36    0.00    3.94    5.08    4.39    5.80    2.27
  824      94        3  2980.75    0.00    3.95    6.60    5.84    4.96    2.33
  825      95        3  2987.14    0.00    3.96    2.11    4.36    4.21    2.36
  826      96        3  2993.52    0.00    3.97    3.40    2.76    4.18    2.38
  827      97        3  2999.91    0.00    3.97    3.07    3.24    4.05    2.41
  828      98        3  3006.30    0.00    3.98    1.28    2.18    3.29    2.43
  829      99        3  3012.68    0.00    3.99    4.12    2.70    2.80    2.45
  830     100        3  3019.07    0.00    4.00    4.18    4.15    3.21    2.48
  831     101        3  1132.15    0.00    1.50    3.23    3.71    3.18    2.53
  832     102        3  1139.70    0.00    1.51    2.96    3.10    3.15    2.57
  833     103        3  1147.25    0.00    1.52    2.29    2.63    3.36    2.60
  834     104        3  1154.79    0.00    1.53    1.39    1.84    2.81    2.63
  835     105        3  1162.34    0.00    1.54    2.40    1.90    2.45    2.67
  836     106        3  1169.89    0.00    1.55    4.49    3.45    2.71    2.74
  837     107        3  1177.44    0.00    1.56    6.48    5.49    3.41    2.86
  838     108        3  1184.98    0.00    1.57    6.48    6.48    4.25    3.00
  839     109        3  1192.53    0.00    1.58    6.22    6.35    5.21    3.13
  840     110        3  1200.08    0.00    1.59    7.10    6.66    6.15    3.27
  841     111        3  1207.63    0.00    1.60    7.52    7.31    6.76    3.42
  842     112        3  1215.18    0.00    1.61    1.53    4.53    5.77    3.48
  843     113        3  1222.72    0.00    1.62    3.52    2.53    5.18    3.50
  844     114        3  1230.27    0.00    1.63    1.88    2.70    4.31    3.52
  845     115        3  1237.82    0.00    1.64    0.99    1.43    3.09    3.51
  846     116        3  1245.37    0.00    1.65    1.74    1.36    1.93    3.49
  847     117        3  1252.91    0.00    1.66    2.71    2.23    2.17    3.51
  848     118        3  1260.46    0.00    1.67    3.22    2.97    2.11    3.54
  849     119        3  1268.01    0.00    1.68    3.48    3.35    2.43    3.57
  850     120        3  1275.56    0.00    1.69    3.42    3.45    2.91    3.61
  851     121        3  1283.10    0.00    1.70    3.76    3.59    3.32    3.66
  852     122        3  1290.65    0.00    1.71    6.16    4.96    4.01    3.73
  853     123        3  1298.20    0.00    1.72    5.55    5.86    4.47    3.81
  854     124        3  1305.75    0.00    1.73    6.52    6.04    5.08    3.90
  855     125        3  1313.29    0.00    1.74    3.37    4.95    5.07    3.95
  856     126        3  1320.84    0.00    1.75    3.10    3.24    4.94    3.96
  857     127        3  1328.39    0.00    1.76    3.17    3.14    4.34    3.97
  858     128        3  1335.94    0.00    1.77    6.07    4.62    4.45    4.03
  859     129        3  1343.56    0.00    1.78    5.90    5.99    4.32    4.10
  860     130        3  1351.18    0.00    1.79   12.50    9.20    6.15    4.22
  861     131        3  1358.81    0.00    1.80   15.40   13.95    8.61    4.44
  862     132        3  1366.43    0.00    1.81   15.60   15.50   11.09    4.70
  863     133        3  1374.05    0.00    1.82   17.60   16.60   13.40    4.99
  864     134        3  1381.67    0.00    1.83   13.00   15.30   14.82    5.24
  865     135        3  1389.29    0.00    1.84    9.62   11.31   14.24    5.41
  866     136        3  1396.91    0.00    1.85   10.90   10.26   13.34    5.54
  867     137        3  1404.53    0.00    1.86   10.90   10.90   12.40    5.68
  868     138        3  1412.16    0.00    1.87   11.50   11.20   11.18    5.83
  869     139        3  1419.78    0.00    1.88   12.50   12.00   11.08    6.00
  870     140        3  1427.40    0.00    1.89   12.50   12.50   11.66    6.18
  871     141        3  1435.02    0.00    1.90    9.93   11.22   11.47    6.33
  872     142        3  1442.64    0.00    1.91   11.20   10.57   11.53    6.46
  873     143        3  1450.26    0.00    1.92    8.07    9.64   10.84    6.56
  874     144        3  1457.89    0.00    1.93    8.70    8.39   10.08    6.63
  875     145        3  1465.51    0.00    1.94   11.80   10.25    9.94    6.73
  876     146        3  1473.13    0.00    1.95    9.02   10.41    9.76    6.82
  877     147        3  1480.75    0.00    1.96    6.45    7.74    8.81    6.85
  878     148        3  1488.37    0.00    1.97   11.30    8.88    9.45    6.93
  879     149        3  1495.99    0.00    1.98   12.10   11.70   10.13    7.07
  880     150        3  1503.62    0.00    1.99   13.60   12.85   10.49    7.24
  881     151        3  1511.24    0.00    2.00   13.60   13.60   11.41    7.40
  882     152        3  1518.86    0.00    2.01   13.00   13.30   12.72    7.56
  883     153        3  1526.48    0.00    2.02   14.90   13.95   13.44    7.73
  884     154        3  1534.10    0.00    2.03   15.40   15.15   14.10    7.91
  885     155        3  1541.72    0.00    2.04   15.90   15.65   14.56    8.11
  886     156        3  1549.35    0.00    2.05   18.00   16.95   15.44    8.33
  887     157        3  1556.97    0.00    2.06   18.80   18.40   16.60    8.56
  888     158        3  1564.59    0.00    2.07   19.10   18.95   17.44    8.79
  889     159        3  1572.21    0.00    2.08   17.40   18.25   17.84    9.00
  890     160        3  1579.83    0.00    2.09   17.30   17.35   18.12    9.19
  891     161        3  1587.45    0.00    2.10   18.40   17.85   18.20    9.39
  892     162        3  1595.08    0.00    2.11   19.40   18.90   18.32    9.62
  893     163        3  1602.70    0.00    2.12   15.70   17.55   17.64    9.80
  894     164        3  1610.32    0.00    2.13   14.90   15.30   17.14    9.95
  895     165        3  1617.94    0.00    2.14   15.40   15.15   16.76   10.09
  896     166        3  1625.56    0.00    2.15   13.00   14.20   15.68   10.19
  897     167        3  1633.18    0.00    2.16   18.30   15.65   15.46   10.32
  898     168        3  1640.81    0.00    2.17   16.40   17.35   15.60   10.47
  899     169        3  1648.43    0.00    2.18   13.30   14.85   15.28   10.56
  900     170        3  1656.05    0.00    2.19   17.60   15.45   15.72   10.68
  901     171        3  1663.67    0.00    2.20   20.40   19.00   17.20   10.87
  902     172        3  1671.29    0.00    2.21   20.60   20.50   17.66   11.09
  903     173        3  1678.91    0.00    2.22   19.30   19.95   18.24   11.29
  904     174        3  1686.54    0.00    2.23   17.60   18.45   19.10   11.47
  905     175        3  1694.16    0.00    2.24   19.10   18.35   19.40   11.64
  906     176        3  1701.78    0.00    2.25   22.50   20.80   19.82   11.85
  907     177        3  1709.40    0.00    2.26   23.50   23.00   20.40   12.09
  908     178        3  1717.02    0.00    2.27   23.10   23.30   21.16   12.32
  909     179        3  1724.64    0.00    2.28   23.20   23.15   22.28   12.55
  910     180        3  1732.26    0.00    2.30   22.70   22.95   23.00   12.77
  911     181        3  1739.89    0.00    2.31   19.80   21.25   22.46   12.95
  912     182        3  1747.51    0.00    2.32   15.60   17.70   20.88   13.07
  913     183        3  1755.13    0.00    2.33   15.70   15.65   19.40   13.16
  914     184        3  1762.75    0.00    2.34   15.50   15.60   17.86   13.25
  915     185        3  1770.37    0.00    2.35   15.40   15.45   16.40   13.33
  916     186        3  1777.99    0.00    2.36   13.60   14.50   15.16   13.39
  917     187        3  1785.62    0.00    2.37   14.50   14.05   14.94   13.42
  918     188        3  1793.24    0.00    2.38   14.30   14.40   14.66   13.46
  919     189        3  1800.86    0.00    2.39   14.70   14.50   14.50   13.50
  920     190        3  1808.48    0.00    2.40   11.90   13.30   13.80   13.54
  921     191        3  1816.10    0.00    2.41   14.60   13.25   14.00   13.59
  922     192        3  1823.72    0.00    2.42   12.90   13.75   13.68   13.62
  923     193        3  1831.35    0.00    2.43   14.20   13.55   13.66   13.65
  924     194        3  1838.97    0.00    2.44   13.30   13.75   13.38   13.69
  925     195        3  1846.59    0.00    2.45   13.50   13.40   13.70   13.72
  926     196        3  1854.21    0.00    2.46   16.00   14.75   13.98   13.77
  927     197        3  1861.83    0.00    2.47   16.20   16.10   14.64   13.84
  928     198        3  1869.45    0.00    2.48   17.30   16.75   15.26   13.91
  929     199        3  1877.08    0.00    2.49   20.00   18.65   16.60   14.02
  930     200        3  1884.70    0.00    2.50   19.50   19.75   17.80   14.15
  931     201        3  1892.32    0.00    2.51   20.50   20.00   18.70   14.27
  932     202        3  1899.94    0.00    2.52   19.50   20.00   19.36   14.38
  933     203        3  1907.56    0.00    2.53   13.90   16.70   18.68   14.45
  934     204        3  1915.18    0.00    2.54   14.30   14.10   17.54   14.49
  935     205        3  1922.81    0.00    2.55   12.80   13.55   16.20   14.53
  936     206        3  1930.43    0.00    2.56   14.40   13.60   14.98   14.56
  937     207        3  1938.05    0.00    2.57   15.20   14.80   14.12   14.60
  938     208        3  1945.67    0.00    2.58   17.20   16.20   14.78   14.66
  939     209        3  1953.29    0.00    2.59   18.80   18.00   15.68   14.74
  940     210        3  1960.91    0.00    2.60   16.10   17.45   16.34   14.81
  941     211        3  1968.54    0.00    2.61   15.60   15.85   16.58   14.85
  942     212        3  1976.16    0.00    2.62   16.00   15.80   16.74   14.89
  943     213        3  1983.78    0.00    2.63   16.90   16.45   16.68   14.94
  944     214        3  1991.40    0.00    2.64   18.10   17.50   16.54   15.01
  945     215        3  1999.02    0.00    2.65   19.10   18.60   17.14   15.09
  946     216        3  2006.64    0.00    2.66   17.50   18.30   17.52   15.17
  947     217        3  2014.27    0.00    2.67   15.90   16.70   17.50   15.22
  948     218        3  2021.89    0.00    2.68   15.60   15.75   17.24   15.27
  949     219        3  2029.51    0.00    2.69   19.70   17.65   17.56   15.33
  950     220        3  2037.13    0.00    2.70   21.70   20.70   18.08   15.43
  951     221        3  2044.75    0.00    2.71   22.70   22.20   19.12   15.56
  952     222        3  2052.37    0.00    2.72   18.30   20.50   19.60   15.66
  953     223        3  2059.99    0.00    2.73   15.80   17.05   19.64   15.73
  954     224        3  2067.62    0.00    2.74   14.90   15.35   18.68   15.77
  955     225        3  2075.24    0.00    2.75   19.20   17.05   18.18   15.83
  956     226        3  2082.86    0.00    2.76   18.60   18.90   17.36   15.91
  957     227        3  2090.48    0.00    2.77   20.30   19.45   17.76   15.98
  958     228        3  2098.10    0.00    2.78   21.90   21.10   18.98   16.08
  959     229        3  2105.72    0.00    2.79   20.30   21.10   20.06   16.18
  960     230        3  2113.35    0.00    2.80   19.90   20.10   20.20   16.27
  961     231        3  1955.79    0.00    2.59   20.80   20.35   20.64   16.36
  962     232        3  1798.23    0.00    2.38   20.90   20.85   20.76   16.47
  963     233        3  1640.68    0.00    2.17   19.40   20.15   20.26   16.56
  964     234        3  1483.12    0.00    1.96   19.80   19.60   20.16   16.65
  965     235        3  1325.56    0.00    1.76   20.60   20.20   20.30   16.75
  966     236        3  1168.00    0.00    1.55   18.30   19.45   19.80   16.85
  967     237        3  1010.45    0.00    1.34   15.90   17.10   18.80   16.90
  968     238        3   852.89    0.00    1.13   13.20   14.55   17.56   16.90
  969     239        3   864.21    0.00    1.15   13.00   13.10   16.20   16.87
  970     240        3   875.53    0.00    1.16   12.40   12.70   14.56   16.82
  971     241        3   886.85    0.00    1.18   12.10   12.25   13.32   16.74
  972     242        3   898.17    0.00    1.19   12.40   12.25   12.62   16.64
  973     243        3   909.50    0.00    1.21   13.70   13.05   12.72   16.56
  974     244        3   920.82    0.00    1.22   10.80   12.25   12.28   16.47
  975     245        3   932.14    0.00    1.24   13.40   12.10   12.48   16.40
  976     246        3   943.46    0.00    1.25   11.50   12.45   12.36   16.33
  977     247        3   954.78    0.00    1.27   15.90   13.70   13.06   16.27
  978     248        3   966.10    0.00    1.28   15.60   15.75   13.44   16.27
  979     249        3   977.42    0.00    1.30   14.40   15.00   14.16   16.27
  980     250        3   988.75    0.00    1.31   12.70   13.55   14.02   16.25
  981     251        3  1000.07    0.00    1.33   12.20   12.45   14.16   16.20
  982     252        3  1011.39    0.00    1.34   14.10   13.15   13.80   16.17
  983     253        3  1022.71    0.00    1.36   13.00   13.55   13.28   16.13
  984     254        3  1034.03    0.00    1.37   10.50   11.75   12.50   16.05
  985     255        3  1045.35    0.00    1.38   10.90   10.70   12.14   15.97
  986     256        3  1056.67    0.00    1.40   13.20   12.05   12.34   15.90
  987     257        3  1067.99    0.00    1.41   12.90   13.05   12.10   15.85
  988     258        3  1079.32    0.00    1.43   14.70   13.80   12.44   15.82
  989     259        3  1090.64    0.00    1.44   13.70   14.20   13.08   15.79
  990     260        3  1101.96    0.00    1.46   12.90   13.30   13.48   15.74
  991     261        3  1113.28    0.00    1.47    9.51   11.21   12.74   15.66
  992     262        3  1124.60    0.00    1.49   11.10   10.31   12.38   15.58
  993     263        3  1135.92    0.00    1.50    8.37    9.74   11.12   15.49
  994     264        3  1147.25    0.00    1.52    8.07    8.22    9.99   15.36
  995     265        3  1158.57    0.00    1.53   13.40   10.74   10.09   15.26
  996     266        3  1169.89    0.00    1.55   13.40   13.40   10.87   15.23
  997     267        3  1181.21    0.00    1.56   12.90   13.15   11.23   15.21
  998     268        3  1192.53    0.00    1.58   14.40   13.65   12.43   15.19
  999     269        3  1203.85    0.00    1.59   12.20   13.30   13.26   15.18
 1000     270        3  1215.17    0.00    1.61   14.30   13.25   13.44   15.15
 1001     271        3  1226.50    0.00    1.62   12.70   13.50   13.30   15.12
 1002     272        3  1237.82    0.00    1.64   12.20   12.45   13.16   15.07
 1003     273        3  1249.14    0.00    1.65   12.90   12.55   12.86   15.02
 1004     274        3  1260.46    0.00    1.67   13.20   13.05   13.06   14.99
 1005     275        3  1271.78    0.00    1.68   11.70   12.45   12.54   14.95
 1006     276        3  1283.10    0.00    1.70   13.10   12.40   12.62   14.91
 1007     277        3  1294.42    0.00    1.71   12.70   12.90   12.72   14.89
 1008     278        3  1305.75    0.00    1.73   13.70   13.20   12.88   14.85
 1009     279        3  1317.07    0.00    1.74   14.10   13.90   13.06   14.84
 1010     280        3  1328.39    0.00    1.76   12.90   13.50   13.30   14.83
 1011     281        3  1339.71    0.00    1.77   13.10   13.00   13.30   14.80
 1012     282        3  1351.03    0.00    1.79   12.10   12.60   13.18   14.77
 1013     283        3  1362.35    0.00    1.80   10.30   11.20   12.50   14.72
 1014     284        3  1373.68    0.00    1.82    8.55    9.43   11.39   14.63
 1015     285        3  1385.00    0.00    1.83    7.65    8.10   10.34   14.52
 1016     286        3  1396.32    0.00    1.85    7.19    7.42    9.16   14.39
 1017     287        3  1407.64    0.00    1.86    6.15    6.67    7.97   14.25
 1018     288        3  1418.96    0.00    1.88    6.31    6.23    7.17   14.11
 1019     289        3  1430.28    0.00    1.89    6.52    6.42    6.76   13.97
 1020     290        3  1441.60    0.00    1.91    5.62    6.07    6.36   13.83
 1021     291        3  1452.93    0.00    1.92    6.54    6.08    6.23   13.69
 1022     292        3  1464.25    0.00    1.94    2.31    4.43    5.46   13.53
 1023     293        3  1475.57    0.00    1.95    1.62    1.97    4.52   13.34
 1024     294        3  1486.89    0.00    1.97    0.80    1.21    3.38   13.13
 1025     295        3  1498.21    0.00    1.98    8.47    4.64    3.95   12.97
 1026     296        3  1509.53    0.00    2.00   10.60    9.54    4.76   12.89
 1027     297        3  1520.85    0.00    2.01    3.65    7.13    5.03   12.78
 1028     298        3  1532.18    0.00    2.03    0.89    2.27    4.88   12.60
 1029     299        3  1543.50    0.00    2.04    7.93    4.41    6.31   12.46
 1030     300        3  1554.82    0.00    2.06   10.50    9.22    6.71   12.39
 1031     301        3  1566.14    0.00    2.07    9.36    9.93    6.47   12.34
 1032     302        3  1577.46    0.00    2.09    7.71    8.54    7.28   12.27
 1033     303        3  1588.37    0.00    2.10    5.48    6.60    8.20   12.18
 1034     304        3  1599.27    0.00    2.12    1.63    3.56    6.94   12.04
 1035     305        3  1610.17    0.00    2.13    5.27    3.45    5.89   11.90
 1036     306        3  1621.07    0.00    2.15    9.44    7.36    5.91   11.82
 1037     307        3  1631.97    0.00    2.16   12.80   11.12    6.92   11.80
 1038     308        3  1642.88    0.00    2.18    9.79   11.30    7.79   11.78
 1039     309        3  1653.78    0.00    2.19    5.61    7.70    8.58   11.72
 1040     310        3  1664.68    0.00    2.21    7.16    6.39    8.96   11.64
 1041     311        3  1675.58    0.00    2.22    7.95    7.56    8.66   11.58
 1042     312        3  1686.48    0.00    2.23    7.95    7.95    7.69   11.53
 1043     313        3  1697.39    0.00    2.25    6.25    7.10    6.98   11.46
 1044     314        3  1708.29    0.00    2.26    5.05    5.65    6.87   11.37
 1045     315        3  1719.19    0.00    2.28    3.98    4.52    6.24   11.26
 1046     316        3  1730.09    0.00    2.29    6.07    5.03    5.86   11.17
 1047     317        3  1741.00    0.00    2.31    5.30    5.69    5.33   11.07
 1048     318        3  1751.90    0.00    2.32    6.58    5.94    5.40   10.99
 1049     319        3  1762.80    0.00    2.34    7.00    6.79    5.79   10.92
 1050     320        3  1773.70    0.00    2.35    7.63    7.32    6.52   10.86
 1051     321        3  1784.60    0.00    2.36    9.99    8.81    7.30   10.82
 1052     322        3  1795.51    0.00    2.38    8.66    9.33    7.97   10.80
 1053     323        3  1806.41    0.00    2.39   11.50   10.08    8.96   10.78
 1054     324        3  1817.31    0.00    2.41    5.96    8.73    8.75   10.75
 1055     325        3  1828.21    0.00    2.42   -0.44    2.76    7.13   10.64
 1056     326        3  1839.11    0.00    2.44    1.90    0.73    5.52   10.50
 1057     327        3  1850.02    0.00    2.45    5.53    3.72    4.89   10.41
 1058     328        3  1860.92    0.00    2.47    2.80    4.17    3.15   10.31
 1059     329        3  1871.82    0.00    2.48    2.16    2.48    2.39   10.20
 1060     330        3  1882.72    0.00    2.49    7.45    4.81    3.97   10.11
 1061     331        3  1893.63    0.00    2.51    5.18    6.32    4.62   10.05
 1062     332        3  1904.53    0.00    2.52   -1.01    2.09    3.32    9.93
 1063     333        3  1915.43    0.00    2.54    0.30   -0.36    2.82    9.79
 1064     334        3  1926.33    0.00    2.55   -1.28   -0.49    2.13    9.64
 1065     335        3  1937.23    0.00    2.57   -0.82   -1.05    0.47    9.49
 1066     336        3  1948.14    0.00    2.58    1.63    0.41   -0.24    9.36
 1067     337        3  1959.04    0.00    2.60    1.42    1.53    0.25    9.24
 1068     338        3  1969.94    0.00    2.61    2.42    1.92    0.67    9.12
 1069     339        3  1980.84    0.00    2.62    3.24    2.83    1.58    9.03
 1070     340        3  1991.74    0.00    2.64    5.76    4.50    2.89    8.96
 1071     341        3  2002.65    0.00    2.65    7.10    6.43    3.99    8.91
 1072     342        3  2013.55    0.00    2.67    4.73    5.92    4.65    8.86
 1073     343        3  2024.45    0.00    2.68    2.77    3.75    4.72    8.79
 1074     344        3  2035.35    0.00    2.70    1.98    2.38    4.47    8.71
 1075     345        3  2046.26    0.00    2.71    1.87    1.93    3.69    8.62
 1076     346        3  2057.16    0.00    2.73    1.66    1.77    2.60    8.52
 1077     347        3  2068.06    0.00    2.74    4.28    2.97    2.51    8.44
 1078     348        3  2078.96    0.00    2.75    2.65    3.47    2.49    8.37
 1079     349        3  2089.87    0.00    2.77    0.75    1.70    2.24    8.28
 1080     350        3  2100.77    0.00    2.78    5.41    3.08    2.95    8.21
 1081     351        3  2111.67    0.00    2.80    4.84    5.13    3.59    8.16
 1082     352        3  2122.57    0.00    2.81    3.28    4.06    3.39    8.10
 1083     353        3  2133.48    0.00    2.83    4.60    3.94    3.78    8.05
 1084     354        3  2144.38    0.00    2.84    6.02    5.31    4.83    8.01
 1085     355        3  2155.28    0.00    2.86    5.60    5.81    4.87    7.97
 1086     356        3  2166.18    0.00    2.87    6.16    5.88    5.13    7.94
 1087     357        3  2177.08    0.00    2.88    4.42    5.29    5.36    7.91
 1088     358        3  2187.99    0.00    2.90    2.92    3.67    5.02    7.86
 1089     359        3  2198.89    0.00    2.91   -1.91    0.51    3.44    7.77
 1090     360        3  2209.79    0.00    2.93   -0.83   -1.37    2.15    7.66
 1091     361        3  2220.69    0.00    2.94   -3.49   -2.16    0.22    7.54
 1092     362        3  2231.59    0.00    2.96    3.25   -0.12   -0.01    7.44
 1093     363        3  2242.50    0.00    2.97    3.42    3.34    0.09    7.38
 1094     364        3  2253.40    0.00    2.99    3.88    3.65    1.25    7.32
 1095     365        3  2264.30    0.00    3.00    1.42    2.65    1.70    7.26
