 Day of  Day of    Year   Slurry  Frozen  Slurry   Air    Wall   Floor    Slurry
 sim.     year             mass    mass   depth     T      T       T        T
    1       1        1  1509.54    0.00    2.00    0.13   10.32    7.46   14.88
    2       2        1  1520.15    0.00    2.01    0.63   10.24    7.46   14.65
    3       3        1  1530.77    0.00    2.03   -0.76   10.16    7.46   14.42
    4       4        1  1541.39    0.00    2.04   -0.13   10.08    7.46   14.19
    5       5        1  1552.01    0.00    2.06   -0.56   10.00    7.46   13.97
    6       6        1  1562.62    0.00    2.07   -1.87    9.91    7.46   13.74
    7       7        1  1573.24    0.00    2.08   -0.74    9.84    7.46   13.52
    8       8        1  1583.86    0.00    2.10   -0.19    9.76    7.46   13.31
    9       9        1  1594.48    0.00    2.11   -2.27    9.67    7.46   13.10
   10      10        1  1605.10    0.00    2.13   -1.53    9.59    7.46   12.88
   11      11        1  1615.71    0.00    2.14   -1.90    9.50    7.46   12.67
   12      12        1  1626.33    0.00    2.15   -3.19    9.41    7.46   12.46
   13      13        1  1636.95    0.00    2.17   -3.35    9.31    7.46   12.24
   14      14        1  1647.57    0.00    2.18   -4.47    9.19    7.46   12.01
   15      15        1  1658.19    0.00    2.20  -10.20    9.04    7.46   11.75
   16      16        1  1668.80    0.00    2.21   -3.91    8.91    7.46   11.50
   17      17        1  1679.42    0.00    2.23   -3.05    8.79    7.46   11.29
   18      18        1  1690.04    0.00    2.24   -1.67    8.66    7.46   11.11
   19      19        1  1700.66    0.00    2.25   -1.51    8.55    7.46   10.94
   20      20        1  1711.28    0.00    2.27    0.34    8.47    7.46   10.79
   21      21        1  1721.89    0.00    2.28    2.02    8.41    7.46   10.66
   22      22        1  1732.51    0.00    2.30    1.96    8.35    7.46   10.54
   23      23        1  1743.13    0.00    2.31    3.00    8.28    7.46   10.43
   24      24        1  1753.75    0.00    2.32   -1.90    8.19    7.46   10.31
   25      25        1  1764.37    0.00    2.34   -0.95    8.09    7.46   10.16
   26      26        1  1774.98    0.00    2.35   -3.49    7.97    7.46   10.00
   27      27        1  1785.60    0.00    2.37   -7.17    7.84    7.46    9.81
   28      28        1  1796.22    0.00    2.38   -4.99    7.73    7.46    9.61
   29      29        1  1806.84    0.00    2.39   -4.31    7.62    7.46    9.44
   30      30        1  1817.46    0.00    2.41  -12.10    7.46    7.46    9.23
   31      31        1  1828.07    0.00    2.42  -14.30    7.28    7.46    8.96
   32      32        1  1838.69    0.00    2.44  -11.20    7.11    7.46    8.71
   33      33        1  1849.31    0.00    2.45   -7.32    6.98    7.46    8.50
   34      34        1  1859.93    0.00    2.46   -7.08    6.85    7.46    8.32
   35      35        1  1870.55    0.00    2.48   -9.35    6.71    7.46    8.13
   36      36        1  1881.16    0.00    2.49  -10.90    6.54    7.46    7.92
   37      37        1  1891.78    0.00    2.51  -10.50    6.37    7.46    7.71
   38      38        1  1902.40    0.00    2.52  -14.30    6.16    7.46    7.49
   39      39        1  1913.02    0.00    2.53  -12.80    5.99    7.46    7.26
   40      40        1  1923.64    0.00    2.55  -17.20    5.81    7.46    7.02
   41      41        1  1934.25    0.00    2.56  -15.40    5.65    7.46    6.76
   42      42        1  1944.87    0.00    2.58  -14.20    5.46    7.46    6.53
   43      43        1  1955.49    0.00    2.59  -11.40    5.30    7.46    6.32
   44      44        1  1966.11    0.00    2.60   -9.19    5.13    7.46    6.15
   45      45        1  1976.73    0.00    2.62   -4.32    4.99    7.46    6.03
   46      46        1  1987.34    0.00    2.63  -10.40    4.82    7.46    5.89
   47      47        1  1997.96    0.00    2.65   -9.96    4.66    7.46    5.73
   48      48        1  2008.58    0.00    2.66   -4.58    4.52    7.46    5.60
   49      49        1  2019.20    0.00    2.68   -4.90    4.38    7.46    5.50
   50      50        1  2029.82    0.00    2.69    0.31    4.27    7.46    5.42
   51      51        1  2040.43    0.00    2.70    2.10    4.17    7.46    5.39
   52      52        1  2051.05    0.00    2.72    3.37    4.08    7.46    5.37
   53      53        1  2061.67    0.00    2.73    2.15    3.99    7.46    5.35
   54      54        1  2072.29    0.00    2.75    2.42    3.92    7.46    5.32
   55      55        1  2082.91    0.00    2.76    5.28    3.87    7.46    5.32
   56      56        1  2093.52    0.00    2.77    8.64    3.85    7.46    5.34
   57      57        1  2104.14    0.00    2.79    5.76    3.81    7.46    5.37
   58      58        1  2114.76    0.00    2.80    2.15    3.76    7.46    5.37
   59      59        1  2125.38    0.00    2.82    3.62    3.71    7.46    5.36
   60      60        1  2135.99    0.00    2.83    3.07    3.65    7.46    5.36
   61      61        1   377.38    0.00    0.50    3.08    3.61    7.46    5.35
   62      62        1   379.67    0.00    0.50    2.35    3.55    7.46    5.32
   63      63        1   381.95    0.00    0.51   -1.00    3.48    7.46    5.17
   64      64        1   384.24    0.00    0.51   -3.36    3.37    7.46    4.88
   65      65        1   386.52    0.00    0.51    1.65    3.30    7.46    4.67
   66      66        1   388.81    0.00    0.52   -0.44    3.22    7.46    4.53
   67      67        1   391.09    0.00    0.52   -0.88    3.14    7.46    4.37
   68      68        1   393.38    0.00    0.52   -1.76    3.06    7.46    4.17
   69      69        1   395.66    0.00    0.52   -5.37    2.96    7.46    3.84
   70      70        1   397.95    0.00    0.53   -1.65    2.88    7.46    3.54
   71      71        1   400.23    0.00    0.53    1.73    2.83    7.46    3.44
   72      72        1   402.52    0.00    0.53    3.08    2.79    7.46    3.48
   73      73        1   404.80    0.00    0.54    1.80    2.72    7.46    3.51
   74      74        1   407.09    0.00    0.54    1.88    2.66    7.46    3.54
   75      75        1   409.37    0.00    0.54    0.96    2.59    7.46    3.55
   76      76        1   411.66    0.00    0.55   -0.37    2.51    7.46    3.50
   77      77        1   413.94    0.00    0.55   -1.41    2.43    7.46    3.38
   78      78        1   416.23    0.00    0.55   -2.34    2.37    7.46    3.24
   79      79        1   418.51    0.00    0.55    2.65    2.32    7.46    3.23
   80      80        1   420.80    0.00    0.56    3.33    2.29    7.46    3.35
   81      81        1   423.09    0.00    0.56    4.03    2.27    7.46    3.50
   82      82        1   425.37    0.00    0.56    6.68    2.23    7.46    3.73
   83      83        1   427.66    0.00    0.57    7.06    2.20    7.46    4.02
   84      84        1   429.94    0.00    0.57    6.62    2.16    7.46    4.29
   85      85        1   432.23    0.00    0.57    6.45    2.12    7.46    4.53
   86      86        1   434.51    0.00    0.58    7.14    2.09    7.46    4.76
   87      87        1   436.80    0.00    0.58    4.45    2.04    7.46    4.89
   88      88        1   439.08    0.00    0.58    8.21    2.01    7.46    5.02
   89      89        1   441.37    0.00    0.58   10.80    2.01    7.46    5.30
   90      90        1   443.65    0.00    0.59    5.88    1.97    7.46    5.50
   91      91        1   445.94    0.00    0.59    3.55    1.91    7.46    5.56
   92      92        1   448.22    0.00    0.59    3.70    1.87    7.46    5.59
   93      93        1   450.51    0.00    0.60    5.08    1.83    7.46    5.66
   94      94        1   452.79    0.00    0.60    6.60    1.79    7.46    5.81
   95      95        1   455.08    0.00    0.60    2.11    1.73    7.46    5.85
   96      96        1   457.36    0.00    0.61    3.40    1.67    7.46    5.81
   97      97        1   459.65    0.00    0.61    3.07    1.62    7.46    5.81
   98      98        1   461.93    0.00    0.61    1.28    1.55    7.46    5.78
   99      99        1   464.22    0.00    0.62    4.12    1.51    7.46    5.76
  100     100        1   466.50    0.00    0.62    4.18    1.47    7.46    5.81
  101     101        1   468.79    0.00    0.62    3.23    1.44    7.46    5.85
  102     102        1   471.07    0.00    0.62    2.96    1.42    7.46    5.80
  103     103        1   473.36    0.00    0.63    2.29    1.39    7.46    5.74
  104     104        1   475.64    0.00    0.63    1.39    1.37    7.46    5.69
  105     105        1   477.93    0.00    0.63    2.40    1.34    7.46    5.68
  106     106        1   480.21    0.00    0.64    4.49    1.33    7.46    5.74
  107     107        1   482.50    0.00    0.64    6.48    1.34    7.46    5.89
  108     108        1   484.78    0.00    0.64    6.48    1.34    7.46    6.08
  109     109        1   487.07    0.00    0.65    6.22    1.36    7.46    6.26
  110     110        1   489.35    0.00    0.65    7.10    1.39    7.46    6.44
  111     111        1   491.64    0.00    0.65    7.52    1.43    7.46    6.61
  112     112        1   493.92    0.00    0.65    1.53    1.39    7.46    6.59
  113     113        1   496.21    0.00    0.66    3.52    1.35    7.46    6.50
  114     114        1   498.49    0.00    0.66    1.88    1.34    7.46    6.43
  115     115        1   500.78    0.00    0.66    0.99    1.34    7.46    6.30
  116     116        1   503.06    0.00    0.67    1.74    1.31    7.46    6.17
  117     117        1   505.35    0.00    0.67    2.71    1.26    7.46    6.11
  118     118        1   507.63    0.00    0.67    3.22    1.23    7.46    6.11
  119     119        1   509.92    0.00    0.68    3.48    1.21    7.46    6.10
  120     120        1   512.20    0.00    0.68    3.42    1.19    7.46    6.13
  121     121        1   514.49    0.00    0.68    3.76    1.21    7.46    6.16
  122     122        1   516.77    0.00    0.68    6.16    1.21    7.46    6.23
  123     123        1   519.06    0.00    0.69    5.55    1.19    7.46    6.34
  124     124        1   521.34    0.00    0.69    6.52    1.16    7.46    6.44
  125     125        1   523.63    0.00    0.69    3.37    1.12    7.46    6.46
  126     126        1   525.91    0.00    0.70    3.10    1.11    7.46    6.37
  127     127        1   528.20    0.00    0.70    3.17    1.08    7.46    6.31
  128     128        1   530.48    0.00    0.70    6.07    1.07    7.46    6.36
  129     129        1   532.77    0.00    0.71    5.90    1.06    7.46    6.46
  130     130        1   535.05    0.00    0.71   12.50    1.10    7.46    6.63
  131     131        1   537.34    0.00    0.71   15.40    1.15    7.46    7.02
  132     132        1   539.62    0.00    0.71   15.60    1.22    7.46    7.49
  133     133        1   541.91    0.00    0.72   17.60    1.28    7.46    7.99
  134     134        1   544.19    0.00    0.72   13.00    1.32    7.46    8.37
  135     135        1   546.48    0.00    0.72    9.62    1.34    7.46    8.53
  136     136        1   548.76    0.00    0.73   10.90    1.36    7.46    8.64
  137     137        1   551.05    0.00    0.73   10.90    1.38    7.46    8.77
  138     138        1   553.33    0.00    0.73   11.50    1.39    7.46    8.93
  139     139        1   555.62    0.00    0.74   12.50    1.41    7.46    9.16
  140     140        1   557.90    0.00    0.74   12.50    1.41    7.46    9.40
  141     141        1   560.19    0.00    0.74    9.93    1.44    7.46    9.56
  142     142        1   562.47    0.00    0.75   11.20    1.50    7.46    9.68
  143     143        1   564.76    0.00    0.75    8.07    1.53    7.46    9.74
  144     144        1   567.04    0.00    0.75    8.70    1.55    7.46    9.72
  145     145        1   569.33    0.00    0.75   11.80    1.60    7.46    9.79
  146     146        1   571.61    0.00    0.76    9.02    1.64    7.46    9.84
  147     147        1   573.90    0.00    0.76    6.45    1.63    7.46    9.76
  148     148        1   576.18    0.00    0.76   11.30    1.67    7.46    9.79
  149     149        1   578.47    0.00    0.77   12.10    1.74    7.46   10.00
  150     150        1   580.75    0.00    0.77   13.60    1.81    7.46   10.24
  151     151        1   583.04    0.00    0.77   13.60    1.89    7.46   10.45
  152     152        1   585.32    0.00    0.78   13.00    1.97    7.46   10.64
  153     153        1   587.61    0.00    0.78   14.90    2.04    7.46   10.86
  154     154        1   589.89    0.00    0.78   15.40    2.12    7.46   11.12
  155     155        1   592.18    0.00    0.78   15.90    2.19    7.46   11.38
  156     156        1   594.46    0.00    0.79   18.00    2.27    7.46   11.69
  157     157        1   596.75    0.00    0.79   18.80    2.35    7.46   12.03
  158     158        1   599.03    0.00    0.79   19.10    2.41    7.46   12.35
  159     159        1   601.32    0.00    0.80   17.40    2.48    7.46   12.59
  160     160        1   603.60    0.00    0.80   17.30    2.56    7.46   12.79
  161     161        1   605.89    0.00    0.80   18.40    2.65    7.46   13.04
  162     162        1   608.17    0.00    0.81   19.40    2.75    7.46   13.33
  163     163        1   610.46    0.00    0.81   15.70    2.83    7.46   13.51
  164     164        1   612.74    0.00    0.81   14.90    2.88    7.46   13.62
  165     165        1   615.03    0.00    0.81   15.40    2.95    7.46   13.74
  166     166        1   617.32    0.00    0.82   13.00    3.02    7.46   13.74
  167     167        1   619.60    0.00    0.82   18.30    3.09    7.46   13.82
  168     168        1   621.89    0.00    0.82   16.40    3.16    7.46   13.96
  169     169        1   624.17    0.00    0.83   13.30    3.21    7.46   13.96
  170     170        1   626.46    0.00    0.83   17.60    3.28    7.46   14.05
  171     171        1   630.23    0.00    0.83   20.40    3.36    7.46   14.30
  172     172        1   634.00    0.00    0.84   20.60    3.44    7.46   14.59
  173     173        1   637.78    0.00    0.84   19.30    3.52    7.46   14.84
  174     174        1   641.55    0.00    0.85   17.60    3.59    7.46   15.04
  175     175        1   645.33    0.00    0.85   19.10    3.68    7.46   15.22
  176     176        1   649.10    0.00    0.86   22.50    3.81    7.46   15.48
  177     177        1   652.87    0.00    0.86   23.50    3.94    7.46   15.79
  178     178        1   656.65    0.00    0.87   23.10    4.09    7.46   16.10
  179     179        1   660.42    0.00    0.87   23.20    4.20    7.46   16.38
  180     180        1   664.20    0.00    0.88   22.70    4.31    7.46   16.62
  181     181        1   667.97    0.00    0.88   19.80    4.39    7.46   16.78
  182     182        1   671.74    0.00    0.89   15.60    4.47    7.46   16.80
  183     183        1   675.52    0.00    0.89   15.70    4.56    7.46   16.77
  184     184        1   679.29    0.00    0.90   15.50    4.64    7.46   16.74
  185     185        1   683.06    0.00    0.90   15.40    4.73    7.46   16.73
  186     186        1   686.84    0.00    0.91   13.60    4.80    7.46   16.68
  187     187        1   690.61    0.00    0.91   14.50    4.89    7.46   16.56
  188     188        1   694.39    0.00    0.92   14.30    4.97    7.46   16.46
  189     189        1   698.16    0.00    0.92   14.70    5.06    7.46   16.41
  190     190        1   701.93    0.00    0.93   11.90    5.13    7.46   16.34
  191     191        1   705.71    0.00    0.93   14.60    5.22    7.46   16.29
  192     192        1   709.48    0.00    0.94   12.90    5.30    7.46   16.23
  193     193        1   713.25    0.00    0.94   14.20    5.39    7.46   16.16
  194     194        1   717.03    0.00    0.95   13.30    5.48    7.46   16.10
  195     195        1   720.80    0.00    0.95   13.50    5.57    7.46   16.05
  196     196        1   724.58    0.00    0.96   16.00    5.68    7.46   16.04
  197     197        1   728.35    0.00    0.96   16.20    5.83    7.46   16.04
  198     198        1   732.12    0.00    0.97   17.30    5.94    7.46   16.08
  199     199        1   735.90    0.00    0.97   20.00    6.07    7.46   16.20
  200     200        1   739.67    0.00    0.98   19.50    6.19    7.46   16.34
  201     201        1   743.45    0.00    0.98   20.50    6.31    7.46   16.47
  202     202        1   747.22    0.00    0.99   19.50    6.41    7.46   16.57
  203     203        1   750.99    0.00    0.99   13.90    6.48    7.46   16.55
  204     204        1   754.77    0.00    1.00   14.30    6.55    7.46   16.50
  205     205        1   758.54    0.00    1.00   12.80    6.60    7.46   16.46
  206     206        1   762.31    0.00    1.01   14.40    6.69    7.46   16.41
  207     207        1   766.09    0.00    1.01   15.20    6.78    7.46   16.40
  208     208        1   769.86    0.00    1.02   17.20    6.89    7.46   16.43
  209     209        1   773.64    0.00    1.02   18.80    7.03    7.46   16.50
  210     210        1   777.41    0.00    1.03   16.10    7.15    7.46   16.53
  211     211        1   781.18    0.00    1.03   15.60    7.26    7.46   16.50
  212     212        1   784.96    0.00    1.04   16.00    7.41    7.46   16.48
  213     213        1   788.73    0.00    1.04   16.90    7.59    7.46   16.48
  214     214        1   792.51    0.00    1.05   18.10    7.75    7.46   16.53
  215     215        1   796.28    0.00    1.05   19.10    7.89    7.46   16.60
  216     216        1   800.05    0.00    1.06   17.50    8.03    7.46   16.65
  217     217        1   803.83    0.00    1.06   15.90    8.17    7.46   16.66
  218     218        1   807.60    0.00    1.07   15.60    8.31    7.46   16.65
  219     219        1   811.37    0.00    1.07   19.70    8.48    7.46   16.68
  220     220        1   815.15    0.00    1.08   21.70    8.67    7.46   16.80
  221     221        1   818.92    0.00    1.08   22.70    8.87    7.46   16.97
  222     222        1   822.70    0.00    1.09   18.30    9.06    7.46   17.08
  223     223        1   826.47    0.00    1.09   15.80    9.24    7.46   17.11
  224     224        1   830.24    0.00    1.10   14.90    9.40    7.46   17.10
  225     225        1   834.02    0.00    1.10   19.20    9.56    7.46   17.12
  226     226        1   837.79    0.00    1.11   18.60    9.72    7.46   17.18
  227     227        1   841.57    0.00    1.11   20.30    9.85    7.46   17.25
  228     228        1   845.34    0.00    1.12   21.90   10.03    7.46   17.36
  229     229        1   849.11    0.00    1.12   20.30   10.20    7.46   17.47
  230     230        1   852.89    0.00    1.13   19.90   10.33    7.46   17.55
  231     231        1   856.66    0.00    1.13   20.80   10.47    7.46   17.62
  232     232        1   860.43    0.00    1.14   20.90   10.58    7.46   17.71
  233     233        1   864.21    0.00    1.14   19.40   10.68    7.46   17.77
  234     234        1   867.98    0.00    1.15   19.80   10.77    7.46   17.80
  235     235        1   871.76    0.00    1.15   20.60   10.87    7.46   17.84
  236     236        1   875.53    0.00    1.16   18.30   10.96    7.46   17.86
  237     237        1   879.30    0.00    1.16   15.90   11.02    7.46   17.82
  238     238        1   883.08    0.00    1.17   13.20   11.04    7.46   17.73
  239     239        1   888.01    0.00    1.18   13.00   11.08    7.46   17.62
  240     240        1   892.94    0.00    1.18   12.40   11.14    7.46   17.50
  241     241        1   897.88    0.00    1.19   12.10   11.18    7.46   17.36
  242     242        1   902.81    0.00    1.20   12.40   11.24    7.46   17.21
  243     243        1   907.74    0.00    1.20   13.70   11.29    7.46   17.09
  244     244        1   912.67    0.00    1.21   10.80   11.34    7.46   16.95
  245     245        1   917.61    0.00    1.22   13.40   11.42    7.46   16.84
  246     246        1   922.54    0.00    1.22   11.50   11.50    7.46   16.73
  247     247        1   927.47    0.00    1.23   15.90   11.58    7.46   16.63
  248     248        1   932.40    0.00    1.24   15.60   11.67    7.46   16.58
  249     249        1   937.34    0.00    1.24   14.40   11.75    7.46   16.53
  250     250        1   942.27    0.00    1.25   12.70   11.83    7.46   16.47
  251     251        1   947.20    0.00    1.25   12.20   11.93    7.46   16.38
  252     252        1   952.14    0.00    1.26   14.10   12.01    7.46   16.31
  253     253        1   957.07    0.00    1.27   13.00   12.08    7.46   16.22
  254     254        1   962.00    0.00    1.27   10.50   12.12    7.46   16.11
  255     255        1   966.93    0.00    1.28   10.90   12.17    7.46   16.00
  256     256        1   971.87    0.00    1.29   13.20   12.23    7.46   15.90
  257     257        1   976.80    0.00    1.29   12.90   12.30    7.46   15.82
  258     258        1   981.73    0.00    1.30   14.70   12.38    7.46   15.77
  259     259        1   986.66    0.00    1.31   13.70   12.46    7.46   15.71
  260     260        1   991.60    0.00    1.31   12.90   12.54    7.46   15.62
  261     261        1   996.53    0.00    1.32    9.51   12.58    7.46   15.51
  262     262        1  1001.46    0.00    1.33   11.10   12.63    7.46   15.41
  263     263        1  1006.40    0.00    1.33    8.37   12.65    7.46   15.30
  264     264        1  1011.33    0.00    1.34    8.07   12.66    7.46   15.14
  265     265        1  1016.26    0.00    1.35   13.40   12.69    7.46   15.03
  266     266        1  1021.19    0.00    1.35   13.40   12.73    7.46   14.99
  267     267        1  1026.13    0.00    1.36   12.90   12.76    7.46   14.95
  268     268        1  1031.06    0.00    1.37   14.40   12.80    7.46   14.92
  269     269        1  1035.99    0.00    1.37   12.20   12.85    7.46   14.88
  270     270        1  1040.93    0.00    1.38   14.30   12.88    7.46   14.83
  271     271        1  1045.86    0.00    1.39   12.70   12.89    7.46   14.78
  272     272        1  1050.79    0.00    1.39   12.20   12.93    7.46   14.70
  273     273        1  1055.72    0.00    1.40   12.90   12.98    7.46   14.63
  274     274        1  1060.66    0.00    1.41   13.20   13.03    7.46   14.58
  275     275        1  1065.59    0.00    1.41   11.70   13.07    7.46   14.51
  276     276        1  1070.52    0.00    1.42   13.10   13.10    7.46   14.46
  277     277        1  1075.45    0.00    1.42   12.70   13.16    7.46   14.41
  278     278        1  1080.39    0.00    1.43   13.70   13.22    7.46   14.36
  279     279        1  1085.32    0.00    1.44   14.10   13.28    7.46   14.33
  280     280        1  1090.25    0.00    1.44   12.90   13.34    7.46   14.30
  281     281        1  1095.19    0.00    1.45   13.10   13.39    7.46   14.25
  282     282        1  1100.12    0.00    1.46   12.10   13.43    7.46   14.21
  283     283        1  1105.05    0.00    1.46   10.30   13.47    7.46   14.13
  284     284        1  1109.98    0.00    1.47    8.55   13.50    7.46   14.02
  285     285        1  1114.92    0.00    1.48    7.65   13.53    7.46   13.90
  286     286        1  1119.85    0.00    1.48    7.19   13.56    7.46   13.76
  287     287        1  1124.78    0.00    1.49    6.15   13.58    7.46   13.61
  288     288        1  1129.71    0.00    1.50    6.31   13.59    7.46   13.46
  289     289        1  1134.65    0.00    1.50    6.52   13.59    7.46   13.32
  290     290        1  1139.58    0.00    1.51    5.62   13.59    7.46   13.17
  291     291        1  1144.51    0.00    1.52    6.54   13.59    7.46   13.04
  292     292        1  1149.45    0.00    1.52    2.31   13.57    7.46   12.87
  293     293        1  1154.38    0.00    1.53    1.62   13.53    7.46   12.67
  294     294        1  1159.31    0.00    1.54    0.80   13.53    7.46   12.46
  295     295        1  1164.24    0.00    1.54    8.47   13.56    7.46   12.31
  296     296        1  1169.18    0.00    1.55   10.60   13.60    7.46   12.24
  297     297        1  1174.11    0.00    1.56    3.65   13.62    7.46   12.14
  298     298        1  1179.04    0.00    1.56    0.89   13.61    7.46   11.95
  299     299        1  1183.97    0.00    1.57    7.93   13.64    7.46   11.80
  300     300        1  1188.91    0.00    1.58   10.50   13.68    7.46   11.74
  301     301        1  1193.84    0.00    1.58    9.36   13.71    7.46   11.70
  302     302        1  1198.77    0.00    1.59    7.71   13.74    7.46   11.63
  303     303        1  1203.71    0.00    1.59    5.48   13.75    7.46   11.54
  304     304        1  1208.64    0.00    1.60    1.63   13.72    7.46   11.39
  305     305        1  1213.57    0.00    1.61    5.27   13.72    7.46   11.25
  306     306        1  1218.50    0.00    1.61    9.44   13.74    7.46   11.17
  307     307        1  1223.44    0.00    1.62   12.80   13.79    7.46   11.16
  308     308        1  1228.37    0.00    1.63    9.79   13.83    7.46   11.15
  309     309        1  1233.30    0.00    1.63    5.61   13.84    7.46   11.09
  310     310        1  1238.23    0.00    1.64    7.16   13.85    7.46   11.01
  311     311        1  1243.17    0.00    1.65    7.95   13.86    7.46   10.95
  312     312        1  1248.10    0.00    1.65    7.95   13.83    7.46   10.89
  313     313        1  1253.03    0.00    1.66    6.25   13.78    7.46   10.82
  314     314        1  1257.97    0.00    1.67    5.05   13.72    7.46   10.73
  315     315        1  1262.90    0.00    1.67    3.98   13.65    7.46   10.62
  316     316        1  1267.83    0.00    1.68    6.07   13.61    7.46   10.52
  317     317        1  1272.76    0.00    1.69    5.30   13.59    7.46   10.44
  318     318        1  1277.70    0.00    1.69    6.58   13.56    7.46   10.36
  319     319        1  1282.63    0.00    1.70    7.00   13.54    7.46   10.29
  320     320        1  1287.56    0.00    1.71    7.63   13.52    7.46   10.24
  321     321        1  1292.49    0.00    1.71    9.99   13.51    7.46   10.21
  322     322        1  1297.43    0.00    1.72    8.66   13.49    7.46   10.19
  323     323        1  1302.36    0.00    1.73   11.50   13.49    7.46   10.18
  324     324        1  1307.29    0.00    1.73    5.96   13.47    7.46   10.15
  325     325        1  1312.23    0.00    1.74   -0.44   13.42    7.46   10.03
  326     326        1  1317.16    0.00    1.75    1.90   13.38    7.46    9.88
  327     327        1  1322.09    0.00    1.75    5.53   13.35    7.46    9.78
  328     328        1  1327.02    0.00    1.76    2.80   13.31    7.46    9.69
  329     329        1  1331.96    0.00    1.76    2.16   13.29    7.46    9.58
  330     330        1  1336.89    0.00    1.77    7.45   13.27    7.46    9.50
  331     331        1  1341.82    0.00    1.78    5.18   13.23    7.46    9.45
  332     332        1  1346.75    0.00    1.78   -1.01   13.15    7.46    9.33
  333     333        1  1351.69    0.00    1.79    0.30   13.08    7.46    9.18
  334     334        1  1356.62    0.00    1.80   -1.28   13.00    7.46    9.03
  335     335        1  1361.55    0.00    1.80   -0.82   12.91    7.46    8.87
  336     336        1  1366.49    0.00    1.81    1.63   12.84    7.46    8.75
  337     337        1  1371.42    0.00    1.82    1.42   12.76    7.46    8.64
  338     338        1  1376.35    0.00    1.82    2.42   12.67    7.46    8.53
  339     339        1  1381.28    0.00    1.83    3.24   12.59    7.46    8.45
  340     340        1  1386.22    0.00    1.84    5.76   12.51    7.46    8.39
  341     341        1  1391.15    0.00    1.84    7.10   12.46    7.46    8.36
  342     342        1  1396.08    0.00    1.85    4.73   12.39    7.46    8.32
  343     343        1  1401.01    0.00    1.86    2.77   12.30    7.46    8.26
  344     344        1  1405.95    0.00    1.86    1.98   12.20    7.46    8.17
  345     345        1  1410.88    0.00    1.87    1.87   12.13    7.46    8.08
  346     346        1  1415.81    0.00    1.88    1.66   12.06    7.46    7.99
  347     347        1  1420.75    0.00    1.88    4.28   12.00    7.46    7.92
  348     348        1  1425.68    0.00    1.89    2.65   11.94    7.46    7.85
  349     349        1  1430.61    0.00    1.90    0.75   11.84    7.46    7.77
  350     350        1  1435.54    0.00    1.90    5.41   11.78    7.46    7.70
  351     351        1  1440.48    0.00    1.91    4.84   11.73    7.46    7.67
  352     352        1  1445.41    0.00    1.92    3.28   11.66    7.46    7.62
  353     353        1  1450.34    0.00    1.92    4.60   11.57    7.46    7.57
  354     354        1  1455.27    0.00    1.93    6.02   11.49    7.46    7.54
  355     355        1  1460.21    0.00    1.93    5.60   11.41    7.46    7.52
  356     356        1  1465.14    0.00    1.94    6.16   11.35    7.46    7.50
  357     357        1  1470.07    0.00    1.95    4.42   11.27    7.46    7.47
  358     358        1  1475.01    0.00    1.95    2.92   11.16    7.46    7.43
  359     359        1  1479.94    0.00    1.96   -1.91   11.02    7.46    7.33
  360     360        1  1484.87    0.00    1.97   -0.83   10.89    7.46    7.22
  361     361        1  1489.80    0.00    1.97   -3.49   10.75    7.46    7.09
  362     362        1  1494.74    0.00    1.98    3.25   10.64    7.46    7.00
  363     363        1  1499.67    0.00    1.99    3.42   10.55    7.46    6.95
  364     364        1  1504.60    0.00    1.99    3.88   10.48    7.46    6.91
  365     365        1  1509.53    0.00    2.00    1.42   10.41    7.46    6.86
  366       1        2  1509.54    0.00    2.00    0.13   10.32    7.46    6.78
  367       2        2  1520.15    0.00    2.01    0.63   10.24    7.46    6.70
  368       3        2  1530.77    0.00    2.03   -0.76   10.16    7.46    6.61
  369       4        2  1541.39    0.00    2.04   -0.13   10.08    7.46    6.52
  370       5        2  1552.01    0.00    2.06   -0.56   10.00    7.46    6.44
  371       6        2  1562.62    0.00    2.07   -1.87    9.91    7.46    6.35
  372       7        2  1573.24    0.00    2.08   -0.74    9.84    7.46    6.25
  373       8        2  1583.86    0.00    2.10   -0.19    9.76    7.46    6.17
  374       9        2  1594.48    0.00    2.11   -2.27    9.67    7.46    6.08
  375      10        2  1605.10    0.00    2.13   -1.53    9.59    7.46    5.99
  376      11        2  1615.71    0.00    2.14   -1.90    9.50    7.46    5.89
  377      12        2  1626.33    0.00    2.15   -3.19    9.41    7.46    5.80
  378      13        2  1636.95    0.00    2.17   -3.35    9.31    7.46    5.69
  379      14        2  1647.57    0.00    2.18   -4.47    9.19    7.46    5.58
  380      15        2  1658.19    0.00    2.20  -10.20    9.04    7.46    5.42
  381      16        2  1668.80    0.00    2.21   -3.91    8.91    7.46    5.27
  382      17        2  1679.42    0.00    2.23   -3.05    8.79    7.46    5.17
  383      18        2  1690.04    0.00    2.24   -1.67    8.66    7.46    5.09
  384      19        2  1700.66    0.00    2.25   -1.51    8.55    7.46    5.02
  385      20        2  1711.28    0.00    2.27    0.34    8.47    7.46    4.96
  386      21        2  1721.89    0.00    2.28    2.02    8.41    7.46    4.93
  387      22        2  1732.51    0.00    2.30    1.96    8.35    7.46    4.90
  388      23        2  1743.13    0.00    2.31    3.00    8.28    7.46    4.89
  389      24        2  1753.75    0.00    2.32   -1.90    8.19    7.46    4.85
  390      25        2  1764.37    0.00    2.34   -0.95    8.09    7.46    4.79
  391      26        2  1774.98    0.00    2.35   -3.49    7.97    7.46    4.71
  392      27        2  1785.60    0.00    2.37   -7.17    7.84    7.46    4.60
  393      28        2  1796.22    0.00    2.38   -4.99    7.73    7.46    4.49
  394      29        2  1806.84    0.00    2.39   -4.31    7.62    7.46    4.40
  395      30        2  1817.46    0.00    2.41  -12.10    7.46    7.46    4.26
  396      31        2  1828.07    0.00    2.42  -14.30    7.28    7.46    4.07
  397      32        2  1838.69    0.00    2.44  -11.20    7.11    7.46    3.90
  398      33        2  1849.31    0.00    2.45   -7.32    6.98    7.46    3.76
  399      34        2  1859.93    0.00    2.46   -7.08    6.85    7.46    3.65
  400      35        2  1870.55    0.00    2.48   -9.35    6.71    7.46    3.53
  401      36        2  1881.16    0.00    2.49  -10.90    6.54    7.46    3.39
  402      37        2  1891.78    0.00    2.51  -10.50    6.37    7.46    3.25
  403      38        2  1902.40    0.00    2.52  -14.30    6.16    7.46    3.09
  404      39        2  1913.02    0.00    2.53  -12.80    5.99    7.46    2.92
  405      40        2  1923.64    0.00    2.55  -17.20    5.81    7.46    2.75
  406      41        2  1934.25    0.00    2.56  -15.40    5.65    7.46    2.56
  407      42        2  1944.87    0.00    2.58  -14.20    5.46    7.46    2.38
  408      43        2  1955.49    0.00    2.59  -11.40    5.30    7.46    2.24
  409      44        2  1966.11    0.00    2.60   -9.19    5.13    7.46    2.13
  410      45        2  1976.73    0.00    2.62   -4.32    4.99    7.46    2.06
  411      46        2  1987.34    0.00    2.63  -10.40    4.82    7.46    1.98
  412      47        2  1997.96    0.00    2.65   -9.96    4.66    7.46    1.87
  413      48        2  2008.58    0.00    2.66   -4.58    4.52    7.46    1.80
  414      49        2  2019.20    0.00    2.68   -4.90    4.38    7.46    1.75
  415      50        2  2029.82    0.00    2.69    0.31    4.27    7.46    1.73
  416      51        2  2040.43    0.00    2.70    2.10    4.17    7.46    1.74
  417      52        2  2051.05    0.00    2.72    3.37    4.08    7.46    1.77
  418      53        2  2061.67    0.00    2.73    2.15    3.99    7.46    1.80
  419      54        2  2072.29    0.00    2.75    2.42    3.92    7.46    1.83
  420      55        2  2082.91    0.00    2.76    5.28    3.87    7.46    1.87
  421      56        2  2093.52    0.00    2.77    8.64    3.85    7.46    1.94
  422      57        2  2104.14    0.00    2.79    5.76    3.81    7.46    2.02
  423      58        2  2114.76    0.00    2.80    2.15    3.76    7.46    2.06
  424      59        2  2125.38    0.00    2.82    3.62    3.71    7.46    2.10
  425      60        2  2135.99    0.00    2.83    3.07    3.65    7.46    2.14
  426      61        2   377.38    0.00    0.50    3.08    3.61    7.46    2.26
  427      62        2   379.67    0.00    0.50    2.35    3.55    7.46    2.44
  428      63        2   381.95    0.00    0.51   -1.00    3.48    7.46    2.49
  429      64        2   384.24    0.00    0.51   -3.36    3.37    7.46    2.38
  430      65        2   386.52    0.00    0.51    1.65    3.30    7.46    2.34
  431      66        2   388.81    0.00    0.52   -0.44    3.22    7.46    2.35
  432      67        2   391.09    0.00    0.52   -0.88    3.14    7.46    2.34
  433      68        2   393.38    0.00    0.52   -1.76    3.06    7.46    2.28
  434      69        2   395.66    0.00    0.52   -5.37    2.96    7.46    2.06
  435      70        2   397.95    0.00    0.53   -1.65    2.88    7.46    1.88
  436      71        2   400.23    0.00    0.53    1.73    2.83    7.46    1.89
  437      72        2   402.52    0.00    0.53    3.08    2.79    7.46    2.03
  438      73        2   404.80    0.00    0.54    1.80    2.72    7.46    2.15
  439      74        2   407.09    0.00    0.54    1.88    2.66    7.46    2.26
  440      75        2   409.37    0.00    0.54    0.96    2.59    7.46    2.36
  441      76        2   411.66    0.00    0.55   -0.37    2.51    7.46    2.38
  442      77        2   413.94    0.00    0.55   -1.41    2.43    7.46    2.34
  443      78        2   416.23    0.00    0.55   -2.34    2.37    7.46    2.27
  444      79        2   418.51    0.00    0.55    2.65    2.32    7.46    2.31
  445      80        2   420.80    0.00    0.56    3.33    2.29    7.46    2.48
  446      81        2   423.09    0.00    0.56    4.03    2.27    7.46    2.69
  447      82        2   425.37    0.00    0.56    6.68    2.23    7.46    2.97
  448      83        2   427.66    0.00    0.57    7.06    2.20    7.46    3.31
  449      84        2   429.94    0.00    0.57    6.62    2.16    7.46    3.62
  450      85        2   432.23    0.00    0.57    6.45    2.12    7.46    3.90
  451      86        2   434.51    0.00    0.58    7.14    2.09    7.46    4.17
  452      87        2   436.80    0.00    0.58    4.45    2.04    7.46    4.33
  453      88        2   439.08    0.00    0.58    8.21    2.01    7.46    4.49
  454      89        2   441.37    0.00    0.58   10.80    2.01    7.46    4.81
  455      90        2   443.65    0.00    0.59    5.88    1.97    7.46    5.04
  456      91        2   445.94    0.00    0.59    3.55    1.91    7.46    5.13
  457      92        2   448.22    0.00    0.59    3.70    1.87    7.46    5.18
  458      93        2   450.51    0.00    0.60    5.08    1.83    7.46    5.27
  459      94        2   452.79    0.00    0.60    6.60    1.79    7.46    5.44
  460      95        2   455.08    0.00    0.60    2.11    1.73    7.46    5.51
  461      96        2   457.36    0.00    0.61    3.40    1.67    7.46    5.49
  462      97        2   459.65    0.00    0.61    3.07    1.62    7.46    5.51
  463      98        2   461.93    0.00    0.61    1.28    1.55    7.46    5.49
  464      99        2   464.22    0.00    0.62    4.12    1.51    7.46    5.48
  465     100        2   466.50    0.00    0.62    4.18    1.47    7.46    5.55
  466     101        2   468.79    0.00    0.62    3.23    1.44    7.46    5.60
  467     102        2   471.07    0.00    0.62    2.96    1.42    7.46    5.57
  468     103        2   473.36    0.00    0.63    2.29    1.39    7.46    5.53
  469     104        2   475.64    0.00    0.63    1.39    1.37    7.46    5.49
  470     105        2   477.93    0.00    0.63    2.40    1.34    7.46    5.48
  471     106        2   480.21    0.00    0.64    4.49    1.33    7.46    5.56
  472     107        2   482.50    0.00    0.64    6.48    1.34    7.46    5.72
  473     108        2   484.78    0.00    0.64    6.48    1.34    7.46    5.92
  474     109        2   487.07    0.00    0.65    6.22    1.36    7.46    6.10
  475     110        2   489.35    0.00    0.65    7.10    1.39    7.46    6.29
  476     111        2   491.64    0.00    0.65    7.52    1.43    7.46    6.48
  477     112        2   493.92    0.00    0.65    1.53    1.39    7.46    6.46
  478     113        2   496.21    0.00    0.66    3.52    1.35    7.46    6.37
  479     114        2   498.49    0.00    0.66    1.88    1.34    7.46    6.31
  480     115        2   500.78    0.00    0.66    0.99    1.34    7.46    6.19
  481     116        2   503.06    0.00    0.67    1.74    1.31    7.46    6.06
  482     117        2   505.35    0.00    0.67    2.71    1.26    7.46    6.01
  483     118        2   507.63    0.00    0.67    3.22    1.23    7.46    6.01
  484     119        2   509.92    0.00    0.68    3.48    1.21    7.46    6.01
  485     120        2   512.20    0.00    0.68    3.42    1.19    7.46    6.05
  486     121        2   514.49    0.00    0.68    3.76    1.21    7.46    6.08
  487     122        2   516.77    0.00    0.68    6.16    1.21    7.46    6.15
  488     123        2   519.06    0.00    0.69    5.55    1.19    7.46    6.26
  489     124        2   521.34    0.00    0.69    6.52    1.16    7.46    6.37
  490     125        2   523.63    0.00    0.69    3.37    1.12    7.46    6.39
  491     126        2   525.91    0.00    0.70    3.10    1.11    7.46    6.31
  492     127        2   528.20    0.00    0.70    3.17    1.08    7.46    6.25
  493     128        2   530.48    0.00    0.70    6.07    1.07    7.46    6.31
  494     129        2   532.77    0.00    0.71    5.90    1.06    7.46    6.40
  495     130        2   535.05    0.00    0.71   12.50    1.10    7.46    6.58
  496     131        2   537.34    0.00    0.71   15.40    1.15    7.46    6.97
  497     132        2   539.62    0.00    0.71   15.60    1.22    7.46    7.44
  498     133        2   541.91    0.00    0.72   17.60    1.28    7.46    7.94
  499     134        2   544.19    0.00    0.72   13.00    1.32    7.46    8.33
  500     135        2   546.48    0.00    0.72    9.62    1.34    7.46    8.49
  501     136        2   548.76    0.00    0.73   10.90    1.36    7.46    8.60
  502     137        2   551.05    0.00    0.73   10.90    1.38    7.46    8.73
  503     138        2   553.33    0.00    0.73   11.50    1.39    7.46    8.90
  504     139        2   555.62    0.00    0.74   12.50    1.41    7.46    9.12
  505     140        2   557.90    0.00    0.74   12.50    1.41    7.46    9.37
  506     141        2   560.19    0.00    0.74    9.93    1.44    7.46    9.53
  507     142        2   562.47    0.00    0.75   11.20    1.50    7.46    9.65
  508     143        2   564.76    0.00    0.75    8.07    1.53    7.46    9.71
  509     144        2   567.04    0.00    0.75    8.70    1.55    7.46    9.69
  510     145        2   569.33    0.00    0.75   11.80    1.60    7.46    9.77
  511     146        2   571.61    0.00    0.76    9.02    1.64    7.46    9.82
  512     147        2   573.90    0.00    0.76    6.45    1.63    7.46    9.73
  513     148        2   576.18    0.00    0.76   11.30    1.67    7.46    9.77
  514     149        2   578.47    0.00    0.77   12.10    1.74    7.46    9.98
  515     150        2   580.75    0.00    0.77   13.60    1.81    7.46   10.22
  516     151        2   583.04    0.00    0.77   13.60    1.89    7.46   10.44
  517     152        2   585.32    0.00    0.78   13.00    1.97    7.46   10.63
  518     153        2   587.61    0.00    0.78   14.90    2.04    7.46   10.85
  519     154        2   589.89    0.00    0.78   15.40    2.12    7.46   11.10
  520     155        2   592.18    0.00    0.78   15.90    2.19    7.46   11.37
  521     156        2   594.46    0.00    0.79   18.00    2.27    7.46   11.68
  522     157        2   596.75    0.00    0.79   18.80    2.35    7.46   12.02
  523     158        2   599.03    0.00    0.79   19.10    2.41    7.46   12.33
  524     159        2   601.32    0.00    0.80   17.40    2.48    7.46   12.58
  525     160        2   603.60    0.00    0.80   17.30    2.56    7.46   12.78
  526     161        2   605.89    0.00    0.80   18.40    2.65    7.46   13.03
  527     162        2   608.17    0.00    0.81   19.40    2.75    7.46   13.31
  528     163        2   610.46    0.00    0.81   15.70    2.83    7.46   13.49
  529     164        2   612.74    0.00    0.81   14.90    2.88    7.46   13.61
  530     165        2   615.03    0.00    0.81   15.40    2.95    7.46   13.73
  531     166        2   617.32    0.00    0.82   13.00    3.02    7.46   13.73
  532     167        2   619.60    0.00    0.82   18.30    3.09    7.46   13.82
  533     168        2   621.89    0.00    0.82   16.40    3.16    7.46   13.95
  534     169        2   624.17    0.00    0.83   13.30    3.21    7.46   13.95
  535     170        2   626.46    0.00    0.83   17.60    3.28    7.46   14.04
  536     171        2   630.23    0.00    0.83   20.40    3.36    7.46   14.29
  537     172        2   634.00    0.00    0.84   20.60    3.44    7.46   14.58
  538     173        2   637.78    0.00    0.84   19.30    3.52    7.46   14.83
  539     174        2   641.55    0.00    0.85   17.60    3.59    7.46   15.03
  540     175        2   645.33    0.00    0.85   19.10    3.68    7.46   15.21
  541     176        2   649.10    0.00    0.86   22.50    3.81    7.46   15.47
  542     177        2   652.87    0.00    0.86   23.50    3.94    7.46   15.78
  543     178        2   656.65    0.00    0.87   23.10    4.09    7.46   16.09
  544     179        2   660.42    0.00    0.87   23.20    4.20    7.46   16.37
  545     180        2   664.20    0.00    0.88   22.70    4.31    7.46   16.62
  546     181        2   667.97    0.00    0.88   19.80    4.39    7.46   16.77
  547     182        2   671.74    0.00    0.89   15.60    4.47    7.46   16.80
  548     183        2   675.52    0.00    0.89   15.70    4.56    7.46   16.76
  549     184        2   679.29    0.00    0.90   15.50    4.64    7.46   16.74
  550     185        2   683.06    0.00    0.90   15.40    4.73    7.46   16.73
  551     186        2   686.84    0.00    0.91   13.60    4.80    7.46   16.67
  552     187        2   690.61    0.00    0.91   14.50    4.89    7.46   16.56
  553     188        2   694.39    0.00    0.92   14.30    4.97    7.46   16.46
  554     189        2   698.16    0.00    0.92   14.70    5.06    7.46   16.41
  555     190        2   701.93    0.00    0.93   11.90    5.13    7.46   16.34
  556     191        2   705.71    0.00    0.93   14.60    5.22    7.46   16.29
  557     192        2   709.48    0.00    0.94   12.90    5.30    7.46   16.23
  558     193        2   713.25    0.00    0.94   14.20    5.39    7.46   16.15
  559     194        2   717.03    0.00    0.95   13.30    5.48    7.46   16.10
  560     195        2   720.80    0.00    0.95   13.50    5.57    7.46   16.05
  561     196        2   724.58    0.00    0.96   16.00    5.68    7.46   16.03
  562     197        2   728.35    0.00    0.96   16.20    5.83    7.46   16.04
  563     198        2   732.12    0.00    0.97   17.30    5.94    7.46   16.08
  564     199        2   735.90    0.00    0.97   20.00    6.07    7.46   16.20
  565     200        2   739.67    0.00    0.98   19.50    6.19    7.46   16.34
  566     201        2   743.45    0.00    0.98   20.50    6.31    7.46   16.46
  567     202        2   747.22    0.00    0.99   19.50    6.41    7.46   16.57
  568     203        2   750.99    0.00    0.99   13.90    6.48    7.46   16.55
  569     204        2   754.77    0.00    1.00   14.30    6.55    7.46   16.50
  570     205        2   758.54    0.00    1.00   12.80    6.60    7.46   16.46
  571     206        2   762.31    0.00    1.01   14.40    6.69    7.46   16.41
  572     207        2   766.09    0.00    1.01   15.20    6.78    7.46   16.39
  573     208        2   769.86    0.00    1.02   17.20    6.89    7.46   16.42
  574     209        2   773.64    0.00    1.02   18.80    7.03    7.46   16.50
  575     210        2   777.41    0.00    1.03   16.10    7.15    7.46   16.53
  576     211        2   781.18    0.00    1.03   15.60    7.26    7.46   16.50
  577     212        2   784.96    0.00    1.04   16.00    7.41    7.46   16.47
  578     213        2   788.73    0.00    1.04   16.90    7.59    7.46   16.47
  579     214        2   792.51    0.00    1.05   18.10    7.75    7.46   16.53
  580     215        2   796.28    0.00    1.05   19.10    7.89    7.46   16.60
  581     216        2   800.05    0.00    1.06   17.50    8.03    7.46   16.65
  582     217        2   803.83    0.00    1.06   15.90    8.17    7.46   16.66
  583     218        2   807.60    0.00    1.07   15.60    8.31    7.46   16.65
  584     219        2   811.37    0.00    1.07   19.70    8.48    7.46   16.68
  585     220        2   815.15    0.00    1.08   21.70    8.67    7.46   16.80
  586     221        2   818.92    0.00    1.08   22.70    8.87    7.46   16.97
  587     222        2   822.70    0.00    1.09   18.30    9.06    7.46   17.08
  588     223        2   826.47    0.00    1.09   15.80    9.24    7.46   17.11
  589     224        2   830.24    0.00    1.10   14.90    9.40    7.46   17.10
  590     225        2   834.02    0.00    1.10   19.20    9.56    7.46   17.12
  591     226        2   837.79    0.00    1.11   18.60    9.72    7.46   17.18
  592     227        2   841.57    0.00    1.11   20.30    9.85    7.46   17.25
  593     228        2   845.34    0.00    1.12   21.90   10.03    7.46   17.36
  594     229        2   849.11    0.00    1.12   20.30   10.20    7.46   17.47
  595     230        2   852.89    0.00    1.13   19.90   10.33    7.46   17.55
  596     231        2   856.66    0.00    1.13   20.80   10.47    7.46   17.62
  597     232        2   860.43    0.00    1.14   20.90   10.58    7.46   17.71
  598     233        2   864.21    0.00    1.14   19.40   10.68    7.46   17.77
  599     234        2   867.98    0.00    1.15   19.80   10.77    7.46   17.80
  600     235        2   871.76    0.00    1.15   20.60   10.87    7.46   17.84
  601     236        2   875.53    0.00    1.16   18.30   10.96    7.46   17.86
  602     237        2   879.30    0.00    1.16   15.90   11.02    7.46   17.82
  603     238        2   883.08    0.00    1.17   13.20   11.04    7.46   17.73
  604     239        2   888.01    0.00    1.18   13.00   11.08    7.46   17.62
  605     240        2   892.94    0.00    1.18   12.40   11.14    7.46   17.50
  606     241        2   897.88    0.00    1.19   12.10   11.18    7.46   17.36
  607     242        2   902.81    0.00    1.20   12.40   11.24    7.46   17.21
  608     243        2   907.74    0.00    1.20   13.70   11.29    7.46   17.08
  609     244        2   912.67    0.00    1.21   10.80   11.34    7.46   16.95
  610     245        2   917.61    0.00    1.22   13.40   11.42    7.46   16.84
  611     246        2   922.54    0.00    1.22   11.50   11.50    7.46   16.73
  612     247        2   927.47    0.00    1.23   15.90   11.58    7.46   16.63
  613     248        2   932.40    0.00    1.24   15.60   11.67    7.46   16.58
  614     249        2   937.34    0.00    1.24   14.40   11.75    7.46   16.53
  615     250        2   942.27    0.00    1.25   12.70   11.83    7.46   16.47
  616     251        2   947.20    0.00    1.25   12.20   11.93    7.46   16.38
  617     252        2   952.14    0.00    1.26   14.10   12.01    7.46   16.31
  618     253        2   957.07    0.00    1.27   13.00   12.08    7.46   16.22
  619     254        2   962.00    0.00    1.27   10.50   12.12    7.46   16.11
  620     255        2   966.93    0.00    1.28   10.90   12.17    7.46   16.00
  621     256        2   971.87    0.00    1.29   13.20   12.23    7.46   15.90
  622     257        2   976.80    0.00    1.29   12.90   12.30    7.46   15.82
  623     258        2   981.73    0.00    1.30   14.70   12.38    7.46   15.77
  624     259        2   986.66    0.00    1.31   13.70   12.46    7.46   15.71
  625     260        2   991.60    0.00    1.31   12.90   12.54    7.46   15.62
  626     261        2   996.53    0.00    1.32    9.51   12.58    7.46   15.51
  627     262        2  1001.46    0.00    1.33   11.10   12.63    7.46   15.41
  628     263        2  1006.40    0.00    1.33    8.37   12.65    7.46   15.30
  629     264        2  1011.33    0.00    1.34    8.07   12.66    7.46   15.14
  630     265        2  1016.26    0.00    1.35   13.40   12.69    7.46   15.03
  631     266        2  1021.19    0.00    1.35   13.40   12.73    7.46   14.99
  632     267        2  1026.13    0.00    1.36   12.90   12.76    7.46   14.95
  633     268        2  1031.06    0.00    1.37   14.40   12.80    7.46   14.92
  634     269        2  1035.99    0.00    1.37   12.20   12.85    7.46   14.88
  635     270        2  1040.93    0.00    1.38   14.30   12.88    7.46   14.83
  636     271        2  1045.86    0.00    1.39   12.70   12.89    7.46   14.78
  637     272        2  1050.79    0.00    1.39   12.20   12.93    7.46   14.70
  638     273        2  1055.72    0.00    1.40   12.90   12.98    7.46   14.63
  639     274        2  1060.66    0.00    1.41   13.20   13.03    7.46   14.58
  640     275        2  1065.59    0.00    1.41   11.70   13.07    7.46   14.51
  641     276        2  1070.52    0.00    1.42   13.10   13.10    7.46   14.46
  642     277        2  1075.45    0.00    1.42   12.70   13.16    7.46   14.41
  643     278        2  1080.39    0.00    1.43   13.70   13.22    7.46   14.36
  644     279        2  1085.32    0.00    1.44   14.10   13.28    7.46   14.33
  645     280        2  1090.25    0.00    1.44   12.90   13.34    7.46   14.30
  646     281        2  1095.19    0.00    1.45   13.10   13.39    7.46   14.25
  647     282        2  1100.12    0.00    1.46   12.10   13.43    7.46   14.21
  648     283        2  1105.05    0.00    1.46   10.30   13.47    7.46   14.13
  649     284        2  1109.98    0.00    1.47    8.55   13.50    7.46   14.02
  650     285        2  1114.92    0.00    1.48    7.65   13.53    7.46   13.90
  651     286        2  1119.85    0.00    1.48    7.19   13.56    7.46   13.76
  652     287        2  1124.78    0.00    1.49    6.15   13.58    7.46   13.61
  653     288        2  1129.71    0.00    1.50    6.31   13.59    7.46   13.46
  654     289        2  1134.65    0.00    1.50    6.52   13.59    7.46   13.32
  655     290        2  1139.58    0.00    1.51    5.62   13.59    7.46   13.17
  656     291        2  1144.51    0.00    1.52    6.54   13.59    7.46   13.04
  657     292        2  1149.45    0.00    1.52    2.31   13.57    7.46   12.87
  658     293        2  1154.38    0.00    1.53    1.62   13.53    7.46   12.67
  659     294        2  1159.31    0.00    1.54    0.80   13.53    7.46   12.46
  660     295        2  1164.24    0.00    1.54    8.47   13.56    7.46   12.31
  661     296        2  1169.18    0.00    1.55   10.60   13.60    7.46   12.24
  662     297        2  1174.11    0.00    1.56    3.65   13.62    7.46   12.14
  663     298        2  1179.04    0.00    1.56    0.89   13.61    7.46   11.95
  664     299        2  1183.97    0.00    1.57    7.93   13.64    7.46   11.80
  665     300        2  1188.91    0.00    1.58   10.50   13.68    7.46   11.74
  666     301        2  1193.84    0.00    1.58    9.36   13.71    7.46   11.70
  667     302        2  1198.77    0.00    1.59    7.71   13.74    7.46   11.63
  668     303        2  1203.71    0.00    1.59    5.48   13.75    7.46   11.54
  669     304        2  1208.64    0.00    1.60    1.63   13.72    7.46   11.39
  670     305        2  1213.57    0.00    1.61    5.27   13.72    7.46   11.25
  671     306        2  1218.50    0.00    1.61    9.44   13.74    7.46   11.17
  672     307        2  1223.44    0.00    1.62   12.80   13.79    7.46   11.16
  673     308        2  1228.37    0.00    1.63    9.79   13.83    7.46   11.15
  674     309        2  1233.30    0.00    1.63    5.61   13.84    7.46   11.09
  675     310        2  1238.23    0.00    1.64    7.16   13.85    7.46   11.01
  676     311        2  1243.17    0.00    1.65    7.95   13.86    7.46   10.95
  677     312        2  1248.10    0.00    1.65    7.95   13.83    7.46   10.89
  678     313        2  1253.03    0.00    1.66    6.25   13.78    7.46   10.82
  679     314        2  1257.97    0.00    1.67    5.05   13.72    7.46   10.73
  680     315        2  1262.90    0.00    1.67    3.98   13.65    7.46   10.62
  681     316        2  1267.83    0.00    1.68    6.07   13.61    7.46   10.52
  682     317        2  1272.76    0.00    1.69    5.30   13.59    7.46   10.44
  683     318        2  1277.70    0.00    1.69    6.58   13.56    7.46   10.36
  684     319        2  1282.63    0.00    1.70    7.00   13.54    7.46   10.29
  685     320        2  1287.56    0.00    1.71    7.63   13.52    7.46   10.24
  686     321        2  1292.49    0.00    1.71    9.99   13.51    7.46   10.21
  687     322        2  1297.43    0.00    1.72    8.66   13.49    7.46   10.19
  688     323        2  1302.36    0.00    1.73   11.50   13.49    7.46   10.18
  689     324        2  1307.29    0.00    1.73    5.96   13.47    7.46   10.15
  690     325        2  1312.23    0.00    1.74   -0.44   13.42    7.46   10.03
  691     326        2  1317.16    0.00    1.75    1.90   13.38    7.46    9.88
  692     327        2  1322.09    0.00    1.75    5.53   13.35    7.46    9.78
  693     328        2  1327.02    0.00    1.76    2.80   13.31    7.46    9.69
  694     329        2  1331.96    0.00    1.76    2.16   13.29    7.46    9.58
  695     330        2  1336.89    0.00    1.77    7.45   13.27    7.46    9.50
  696     331        2  1341.82    0.00    1.78    5.18   13.23    7.46    9.45
  697     332        2  1346.75    0.00    1.78   -1.01   13.15    7.46    9.33
  698     333        2  1351.69    0.00    1.79    0.30   13.08    7.46    9.18
  699     334        2  1356.62    0.00    1.80   -1.28   13.00    7.46    9.03
  700     335        2  1361.55    0.00    1.80   -0.82   12.91    7.46    8.87
  701     336        2  1366.49    0.00    1.81    1.63   12.84    7.46    8.75
  702     337        2  1371.42    0.00    1.82    1.42   12.76    7.46    8.64
  703     338        2  1376.35    0.00    1.82    2.42   12.67    7.46    8.53
  704     339        2  1381.28    0.00    1.83    3.24   12.59    7.46    8.45
  705     340        2  1386.22    0.00    1.84    5.76   12.51    7.46    8.39
  706     341        2  1391.15    0.00    1.84    7.10   12.46    7.46    8.36
  707     342        2  1396.08    0.00    1.85    4.73   12.39    7.46    8.32
  708     343        2  1401.01    0.00    1.86    2.77   12.30    7.46    8.26
  709     344        2  1405.95    0.00    1.86    1.98   12.20    7.46    8.17
  710     345        2  1410.88    0.00    1.87    1.87   12.13    7.46    8.08
  711     346        2  1415.81    0.00    1.88    1.66   12.06    7.46    7.99
  712     347        2  1420.75    0.00    1.88    4.28   12.00    7.46    7.92
  713     348        2  1425.68    0.00    1.89    2.65   11.94    7.46    7.85
  714     349        2  1430.61    0.00    1.90    0.75   11.84    7.46    7.77
  715     350        2  1435.54    0.00    1.90    5.41   11.78    7.46    7.70
  716     351        2  1440.48    0.00    1.91    4.84   11.73    7.46    7.67
  717     352        2  1445.41    0.00    1.92    3.28   11.66    7.46    7.62
  718     353        2  1450.34    0.00    1.92    4.60   11.57    7.46    7.57
  719     354        2  1455.27    0.00    1.93    6.02   11.49    7.46    7.54
  720     355        2  1460.21    0.00    1.93    5.60   11.41    7.46    7.52
  721     356        2  1465.14    0.00    1.94    6.16   11.35    7.46    7.50
  722     357        2  1470.07    0.00    1.95    4.42   11.27    7.46    7.47
  723     358        2  1475.01    0.00    1.95    2.92   11.16    7.46    7.43
  724     359        2  1479.94    0.00    1.96   -1.91   11.02    7.46    7.33
  725     360        2  1484.87    0.00    1.97   -0.83   10.89    7.46    7.22
  726     361        2  1489.80    0.00    1.97   -3.49   10.75    7.46    7.09
  727     362        2  1494.74    0.00    1.98    3.25   10.64    7.46    7.00
  728     363        2  1499.67    0.00    1.99    3.42   10.55    7.46    6.95
  729     364        2  1504.60    0.00    1.99    3.88   10.48    7.46    6.91
  730     365        2  1509.53    0.00    2.00    1.42   10.41    7.46    6.86
  731       1        3  1509.54    0.00    2.00    0.13   10.32    7.46    6.78
  732       2        3  1520.15    0.00    2.01    0.63   10.24    7.46    6.70
  733       3        3  1530.77    0.00    2.03   -0.76   10.16    7.46    6.61
  734       4        3  1541.39    0.00    2.04   -0.13   10.08    7.46    6.52
  735       5        3  1552.01    0.00    2.06   -0.56   10.00    7.46    6.44
  736       6        3  1562.62    0.00    2.07   -1.87    9.91    7.46    6.35
  737       7        3  1573.24    0.00    2.08   -0.74    9.84    7.46    6.25
  738       8        3  1583.86    0.00    2.10   -0.19    9.76    7.46    6.17
  739       9        3  1594.48    0.00    2.11   -2.27    9.67    7.46    6.08
  740      10        3  1605.10    0.00    2.13   -1.53    9.59    7.46    5.99
  741      11        3  1615.71    0.00    2.14   -1.90    9.50    7.46    5.89
  742      12        3  1626.33    0.00    2.15   -3.19    9.41    7.46    5.80
  743      13        3  1636.95    0.00    2.17   -3.35    9.31    7.46    5.69
  744      14        3  1647.57    0.00    2.18   -4.47    9.19    7.46    5.58
  745      15        3  1658.19    0.00    2.20  -10.20    9.04    7.46    5.42
  746      16        3  1668.80    0.00    2.21   -3.91    8.91    7.46    5.27
  747      17        3  1679.42    0.00    2.23   -3.05    8.79    7.46    5.17
  748      18        3  1690.04    0.00    2.24   -1.67    8.66    7.46    5.09
  749      19        3  1700.66    0.00    2.25   -1.51    8.55    7.46    5.02
  750      20        3  1711.28    0.00    2.27    0.34    8.47    7.46    4.96
  751      21        3  1721.89    0.00    2.28    2.02    8.41    7.46    4.93
  752      22        3  1732.51    0.00    2.30    1.96    8.35    7.46    4.90
  753      23        3  1743.13    0.00    2.31    3.00    8.28    7.46    4.89
  754      24        3  1753.75    0.00    2.32   -1.90    8.19    7.46    4.85
  755      25        3  1764.37    0.00    2.34   -0.95    8.09    7.46    4.79
  756      26        3  1774.98    0.00    2.35   -3.49    7.97    7.46    4.71
  757      27        3  1785.60    0.00    2.37   -7.17    7.84    7.46    4.60
  758      28        3  1796.22    0.00    2.38   -4.99    7.73    7.46    4.49
  759      29        3  1806.84    0.00    2.39   -4.31    7.62    7.46    4.40
  760      30        3  1817.46    0.00    2.41  -12.10    7.46    7.46    4.26
  761      31        3  1828.07    0.00    2.42  -14.30    7.28    7.46    4.07
  762      32        3  1838.69    0.00    2.44  -11.20    7.11    7.46    3.90
  763      33        3  1849.31    0.00    2.45   -7.32    6.98    7.46    3.76
  764      34        3  1859.93    0.00    2.46   -7.08    6.85    7.46    3.65
  765      35        3  1870.55    0.00    2.48   -9.35    6.71    7.46    3.53
  766      36        3  1881.16    0.00    2.49  -10.90    6.54    7.46    3.39
  767      37        3  1891.78    0.00    2.51  -10.50    6.37    7.46    3.25
  768      38        3  1902.40    0.00    2.52  -14.30    6.16    7.46    3.09
  769      39        3  1913.02    0.00    2.53  -12.80    5.99    7.46    2.92
  770      40        3  1923.64    0.00    2.55  -17.20    5.81    7.46    2.75
  771      41        3  1934.25    0.00    2.56  -15.40    5.65    7.46    2.56
  772      42        3  1944.87    0.00    2.58  -14.20    5.46    7.46    2.38
  773      43        3  1955.49    0.00    2.59  -11.40    5.30    7.46    2.24
  774      44        3  1966.11    0.00    2.60   -9.19    5.13    7.46    2.13
  775      45        3  1976.73    0.00    2.62   -4.32    4.99    7.46    2.06
  776      46        3  1987.34    0.00    2.63  -10.40    4.82    7.46    1.98
  777      47        3  1997.96    0.00    2.65   -9.96    4.66    7.46    1.87
  778      48        3  2008.58    0.00    2.66   -4.58    4.52    7.46    1.80
  779      49        3  2019.20    0.00    2.68   -4.90    4.38    7.46    1.75
  780      50        3  2029.82    0.00    2.69    0.31    4.27    7.46    1.73
  781      51        3  2040.43    0.00    2.70    2.10    4.17    7.46    1.74
  782      52        3  2051.05    0.00    2.72    3.37    4.08    7.46    1.77
  783      53        3  2061.67    0.00    2.73    2.15    3.99    7.46    1.80
  784      54        3  2072.29    0.00    2.75    2.42    3.92    7.46    1.83
  785      55        3  2082.91    0.00    2.76    5.28    3.87    7.46    1.87
  786      56        3  2093.52    0.00    2.77    8.64    3.85    7.46    1.94
  787      57        3  2104.14    0.00    2.79    5.76    3.81    7.46    2.02
  788      58        3  2114.76    0.00    2.80    2.15    3.76    7.46    2.06
  789      59        3  2125.38    0.00    2.82    3.62    3.71    7.46    2.10
  790      60        3  2135.99    0.00    2.83    3.07    3.65    7.46    2.14
  791      61        3   377.38    0.00    0.50    3.08    3.61    7.46    2.26
  792      62        3   379.67    0.00    0.50    2.35    3.55    7.46    2.44
  793      63        3   381.95    0.00    0.51   -1.00    3.48    7.46    2.49
  794      64        3   384.24    0.00    0.51   -3.36    3.37    7.46    2.38
  795      65        3   386.52    0.00    0.51    1.65    3.30    7.46    2.34
  796      66        3   388.81    0.00    0.52   -0.44    3.22    7.46    2.35
  797      67        3   391.09    0.00    0.52   -0.88    3.14    7.46    2.34
  798      68        3   393.38    0.00    0.52   -1.76    3.06    7.46    2.28
  799      69        3   395.66    0.00    0.52   -5.37    2.96    7.46    2.06
  800      70        3   397.95    0.00    0.53   -1.65    2.88    7.46    1.88
  801      71        3   400.23    0.00    0.53    1.73    2.83    7.46    1.89
  802      72        3   402.52    0.00    0.53    3.08    2.79    7.46    2.03
  803      73        3   404.80    0.00    0.54    1.80    2.72    7.46    2.15
  804      74        3   407.09    0.00    0.54    1.88    2.66    7.46    2.26
  805      75        3   409.37    0.00    0.54    0.96    2.59    7.46    2.36
  806      76        3   411.66    0.00    0.55   -0.37    2.51    7.46    2.38
  807      77        3   413.94    0.00    0.55   -1.41    2.43    7.46    2.34
  808      78        3   416.23    0.00    0.55   -2.34    2.37    7.46    2.27
  809      79        3   418.51    0.00    0.55    2.65    2.32    7.46    2.31
  810      80        3   420.80    0.00    0.56    3.33    2.29    7.46    2.48
  811      81        3   423.09    0.00    0.56    4.03    2.27    7.46    2.69
  812      82        3   425.37    0.00    0.56    6.68    2.23    7.46    2.97
  813      83        3   427.66    0.00    0.57    7.06    2.20    7.46    3.31
  814      84        3   429.94    0.00    0.57    6.62    2.16    7.46    3.62
  815      85        3   432.23    0.00    0.57    6.45    2.12    7.46    3.90
  816      86        3   434.51    0.00    0.58    7.14    2.09    7.46    4.17
  817      87        3   436.80    0.00    0.58    4.45    2.04    7.46    4.33
  818      88        3   439.08    0.00    0.58    8.21    2.01    7.46    4.49
  819      89        3   441.37    0.00    0.58   10.80    2.01    7.46    4.81
  820      90        3   443.65    0.00    0.59    5.88    1.97    7.46    5.04
  821      91        3   445.94    0.00    0.59    3.55    1.91    7.46    5.13
  822      92        3   448.22    0.00    0.59    3.70    1.87    7.46    5.18
  823      93        3   450.51    0.00    0.60    5.08    1.83    7.46    5.27
  824      94        3   452.79    0.00    0.60    6.60    1.79    7.46    5.44
  825      95        3   455.08    0.00    0.60    2.11    1.73    7.46    5.51
  826      96        3   457.36    0.00    0.61    3.40    1.67    7.46    5.49
  827      97        3   459.65    0.00    0.61    3.07    1.62    7.46    5.51
  828      98        3   461.93    0.00    0.61    1.28    1.55    7.46    5.49
  829      99        3   464.22    0.00    0.62    4.12    1.51    7.46    5.48
  830     100        3   466.50    0.00    0.62    4.18    1.47    7.46    5.55
  831     101        3   468.79    0.00    0.62    3.23    1.44    7.46    5.60
  832     102        3   471.07    0.00    0.62    2.96    1.42    7.46    5.57
  833     103        3   473.36    0.00    0.63    2.29    1.39    7.46    5.53
  834     104        3   475.64    0.00    0.63    1.39    1.37    7.46    5.49
  835     105        3   477.93    0.00    0.63    2.40    1.34    7.46    5.48
  836     106        3   480.21    0.00    0.64    4.49    1.33    7.46    5.56
  837     107        3   482.50    0.00    0.64    6.48    1.34    7.46    5.72
  838     108        3   484.78    0.00    0.64    6.48    1.34    7.46    5.92
  839     109        3   487.07    0.00    0.65    6.22    1.36    7.46    6.10
  840     110        3   489.35    0.00    0.65    7.10    1.39    7.46    6.29
  841     111        3   491.64    0.00    0.65    7.52    1.43    7.46    6.48
  842     112        3   493.92    0.00    0.65    1.53    1.39    7.46    6.46
  843     113        3   496.21    0.00    0.66    3.52    1.35    7.46    6.37
  844     114        3   498.49    0.00    0.66    1.88    1.34    7.46    6.31
  845     115        3   500.78    0.00    0.66    0.99    1.34    7.46    6.19
  846     116        3   503.06    0.00    0.67    1.74    1.31    7.46    6.06
  847     117        3   505.35    0.00    0.67    2.71    1.26    7.46    6.01
  848     118        3   507.63    0.00    0.67    3.22    1.23    7.46    6.01
  849     119        3   509.92    0.00    0.68    3.48    1.21    7.46    6.01
  850     120        3   512.20    0.00    0.68    3.42    1.19    7.46    6.05
  851     121        3   514.49    0.00    0.68    3.76    1.21    7.46    6.08
  852     122        3   516.77    0.00    0.68    6.16    1.21    7.46    6.15
  853     123        3   519.06    0.00    0.69    5.55    1.19    7.46    6.26
  854     124        3   521.34    0.00    0.69    6.52    1.16    7.46    6.37
  855     125        3   523.63    0.00    0.69    3.37    1.12    7.46    6.39
  856     126        3   525.91    0.00    0.70    3.10    1.11    7.46    6.31
  857     127        3   528.20    0.00    0.70    3.17    1.08    7.46    6.25
  858     128        3   530.48    0.00    0.70    6.07    1.07    7.46    6.31
  859     129        3   532.77    0.00    0.71    5.90    1.06    7.46    6.40
  860     130        3   535.05    0.00    0.71   12.50    1.10    7.46    6.58
  861     131        3   537.34    0.00    0.71   15.40    1.15    7.46    6.97
  862     132        3   539.62    0.00    0.71   15.60    1.22    7.46    7.44
  863     133        3   541.91    0.00    0.72   17.60    1.28    7.46    7.94
  864     134        3   544.19    0.00    0.72   13.00    1.32    7.46    8.33
  865     135        3   546.48    0.00    0.72    9.62    1.34    7.46    8.49
  866     136        3   548.76    0.00    0.73   10.90    1.36    7.46    8.60
  867     137        3   551.05    0.00    0.73   10.90    1.38    7.46    8.73
  868     138        3   553.33    0.00    0.73   11.50    1.39    7.46    8.90
  869     139        3   555.62    0.00    0.74   12.50    1.41    7.46    9.12
  870     140        3   557.90    0.00    0.74   12.50    1.41    7.46    9.37
  871     141        3   560.19    0.00    0.74    9.93    1.44    7.46    9.53
  872     142        3   562.47    0.00    0.75   11.20    1.50    7.46    9.65
  873     143        3   564.76    0.00    0.75    8.07    1.53    7.46    9.71
  874     144        3   567.04    0.00    0.75    8.70    1.55    7.46    9.69
  875     145        3   569.33    0.00    0.75   11.80    1.60    7.46    9.77
  876     146        3   571.61    0.00    0.76    9.02    1.64    7.46    9.82
  877     147        3   573.90    0.00    0.76    6.45    1.63    7.46    9.73
  878     148        3   576.18    0.00    0.76   11.30    1.67    7.46    9.77
  879     149        3   578.47    0.00    0.77   12.10    1.74    7.46    9.98
  880     150        3   580.75    0.00    0.77   13.60    1.81    7.46   10.22
  881     151        3   583.04    0.00    0.77   13.60    1.89    7.46   10.44
  882     152        3   585.32    0.00    0.78   13.00    1.97    7.46   10.63
  883     153        3   587.61    0.00    0.78   14.90    2.04    7.46   10.85
  884     154        3   589.89    0.00    0.78   15.40    2.12    7.46   11.10
  885     155        3   592.18    0.00    0.78   15.90    2.19    7.46   11.37
  886     156        3   594.46    0.00    0.79   18.00    2.27    7.46   11.68
  887     157        3   596.75    0.00    0.79   18.80    2.35    7.46   12.02
  888     158        3   599.03    0.00    0.79   19.10    2.41    7.46   12.33
  889     159        3   601.32    0.00    0.80   17.40    2.48    7.46   12.58
  890     160        3   603.60    0.00    0.80   17.30    2.56    7.46   12.78
  891     161        3   605.89    0.00    0.80   18.40    2.65    7.46   13.03
  892     162        3   608.17    0.00    0.81   19.40    2.75    7.46   13.31
  893     163        3   610.46    0.00    0.81   15.70    2.83    7.46   13.49
  894     164        3   612.74    0.00    0.81   14.90    2.88    7.46   13.61
  895     165        3   615.03    0.00    0.81   15.40    2.95    7.46   13.73
  896     166        3   617.32    0.00    0.82   13.00    3.02    7.46   13.73
  897     167        3   619.60    0.00    0.82   18.30    3.09    7.46   13.82
  898     168        3   621.89    0.00    0.82   16.40    3.16    7.46   13.95
  899     169        3   624.17    0.00    0.83   13.30    3.21    7.46   13.95
  900     170        3   626.46    0.00    0.83   17.60    3.28    7.46   14.04
  901     171        3   630.23    0.00    0.83   20.40    3.36    7.46   14.29
  902     172        3   634.00    0.00    0.84   20.60    3.44    7.46   14.58
  903     173        3   637.78    0.00    0.84   19.30    3.52    7.46   14.83
  904     174        3   641.55    0.00    0.85   17.60    3.59    7.46   15.03
  905     175        3   645.33    0.00    0.85   19.10    3.68    7.46   15.21
  906     176        3   649.10    0.00    0.86   22.50    3.81    7.46   15.47
  907     177        3   652.87    0.00    0.86   23.50    3.94    7.46   15.78
  908     178        3   656.65    0.00    0.87   23.10    4.09    7.46   16.09
  909     179        3   660.42    0.00    0.87   23.20    4.20    7.46   16.37
  910     180        3   664.20    0.00    0.88   22.70    4.31    7.46   16.62
  911     181        3   667.97    0.00    0.88   19.80    4.39    7.46   16.77
  912     182        3   671.74    0.00    0.89   15.60    4.47    7.46   16.80
  913     183        3   675.52    0.00    0.89   15.70    4.56    7.46   16.76
  914     184        3   679.29    0.00    0.90   15.50    4.64    7.46   16.74
  915     185        3   683.06    0.00    0.90   15.40    4.73    7.46   16.73
  916     186        3   686.84    0.00    0.91   13.60    4.80    7.46   16.67
  917     187        3   690.61    0.00    0.91   14.50    4.89    7.46   16.56
  918     188        3   694.39    0.00    0.92   14.30    4.97    7.46   16.46
  919     189        3   698.16    0.00    0.92   14.70    5.06    7.46   16.41
  920     190        3   701.93    0.00    0.93   11.90    5.13    7.46   16.34
  921     191        3   705.71    0.00    0.93   14.60    5.22    7.46   16.29
  922     192        3   709.48    0.00    0.94   12.90    5.30    7.46   16.23
  923     193        3   713.25    0.00    0.94   14.20    5.39    7.46   16.15
  924     194        3   717.03    0.00    0.95   13.30    5.48    7.46   16.10
  925     195        3   720.80    0.00    0.95   13.50    5.57    7.46   16.05
  926     196        3   724.58    0.00    0.96   16.00    5.68    7.46   16.03
  927     197        3   728.35    0.00    0.96   16.20    5.83    7.46   16.04
  928     198        3   732.12    0.00    0.97   17.30    5.94    7.46   16.08
  929     199        3   735.90    0.00    0.97   20.00    6.07    7.46   16.20
  930     200        3   739.67    0.00    0.98   19.50    6.19    7.46   16.34
  931     201        3   743.45    0.00    0.98   20.50    6.31    7.46   16.46
  932     202        3   747.22    0.00    0.99   19.50    6.41    7.46   16.57
  933     203        3   750.99    0.00    0.99   13.90    6.48    7.46   16.55
  934     204        3   754.77    0.00    1.00   14.30    6.55    7.46   16.50
  935     205        3   758.54    0.00    1.00   12.80    6.60    7.46   16.46
  936     206        3   762.31    0.00    1.01   14.40    6.69    7.46   16.41
  937     207        3   766.09    0.00    1.01   15.20    6.78    7.46   16.39
  938     208        3   769.86    0.00    1.02   17.20    6.89    7.46   16.42
  939     209        3   773.64    0.00    1.02   18.80    7.03    7.46   16.50
  940     210        3   777.41    0.00    1.03   16.10    7.15    7.46   16.53
  941     211        3   781.18    0.00    1.03   15.60    7.26    7.46   16.50
  942     212        3   784.96    0.00    1.04   16.00    7.41    7.46   16.47
  943     213        3   788.73    0.00    1.04   16.90    7.59    7.46   16.47
  944     214        3   792.51    0.00    1.05   18.10    7.75    7.46   16.53
  945     215        3   796.28    0.00    1.05   19.10    7.89    7.46   16.60
  946     216        3   800.05    0.00    1.06   17.50    8.03    7.46   16.65
  947     217        3   803.83    0.00    1.06   15.90    8.17    7.46   16.66
  948     218        3   807.60    0.00    1.07   15.60    8.31    7.46   16.65
  949     219        3   811.37    0.00    1.07   19.70    8.48    7.46   16.68
  950     220        3   815.15    0.00    1.08   21.70    8.67    7.46   16.80
  951     221        3   818.92    0.00    1.08   22.70    8.87    7.46   16.97
  952     222        3   822.70    0.00    1.09   18.30    9.06    7.46   17.08
  953     223        3   826.47    0.00    1.09   15.80    9.24    7.46   17.11
  954     224        3   830.24    0.00    1.10   14.90    9.40    7.46   17.10
  955     225        3   834.02    0.00    1.10   19.20    9.56    7.46   17.12
  956     226        3   837.79    0.00    1.11   18.60    9.72    7.46   17.18
  957     227        3   841.57    0.00    1.11   20.30    9.85    7.46   17.25
  958     228        3   845.34    0.00    1.12   21.90   10.03    7.46   17.36
  959     229        3   849.11    0.00    1.12   20.30   10.20    7.46   17.47
  960     230        3   852.89    0.00    1.13   19.90   10.33    7.46   17.55
  961     231        3   856.66    0.00    1.13   20.80   10.47    7.46   17.62
  962     232        3   860.43    0.00    1.14   20.90   10.58    7.46   17.71
  963     233        3   864.21    0.00    1.14   19.40   10.68    7.46   17.77
  964     234        3   867.98    0.00    1.15   19.80   10.77    7.46   17.80
  965     235        3   871.76    0.00    1.15   20.60   10.87    7.46   17.84
  966     236        3   875.53    0.00    1.16   18.30   10.96    7.46   17.86
  967     237        3   879.30    0.00    1.16   15.90   11.02    7.46   17.82
  968     238        3   883.08    0.00    1.17   13.20   11.04    7.46   17.73
  969     239        3   888.01    0.00    1.18   13.00   11.08    7.46   17.62
  970     240        3   892.94    0.00    1.18   12.40   11.14    7.46   17.50
  971     241        3   897.88    0.00    1.19   12.10   11.18    7.46   17.36
  972     242        3   902.81    0.00    1.20   12.40   11.24    7.46   17.21
  973     243        3   907.74    0.00    1.20   13.70   11.29    7.46   17.08
  974     244        3   912.67    0.00    1.21   10.80   11.34    7.46   16.95
  975     245        3   917.61    0.00    1.22   13.40   11.42    7.46   16.84
  976     246        3   922.54    0.00    1.22   11.50   11.50    7.46   16.73
  977     247        3   927.47    0.00    1.23   15.90   11.58    7.46   16.63
  978     248        3   932.40    0.00    1.24   15.60   11.67    7.46   16.58
  979     249        3   937.34    0.00    1.24   14.40   11.75    7.46   16.53
  980     250        3   942.27    0.00    1.25   12.70   11.83    7.46   16.47
  981     251        3   947.20    0.00    1.25   12.20   11.93    7.46   16.38
  982     252        3   952.14    0.00    1.26   14.10   12.01    7.46   16.31
  983     253        3   957.07    0.00    1.27   13.00   12.08    7.46   16.22
  984     254        3   962.00    0.00    1.27   10.50   12.12    7.46   16.11
  985     255        3   966.93    0.00    1.28   10.90   12.17    7.46   16.00
  986     256        3   971.87    0.00    1.29   13.20   12.23    7.46   15.90
  987     257        3   976.80    0.00    1.29   12.90   12.30    7.46   15.82
  988     258        3   981.73    0.00    1.30   14.70   12.38    7.46   15.77
  989     259        3   986.66    0.00    1.31   13.70   12.46    7.46   15.71
  990     260        3   991.60    0.00    1.31   12.90   12.54    7.46   15.62
  991     261        3   996.53    0.00    1.32    9.51   12.58    7.46   15.51
  992     262        3  1001.46    0.00    1.33   11.10   12.63    7.46   15.41
  993     263        3  1006.40    0.00    1.33    8.37   12.65    7.46   15.30
  994     264        3  1011.33    0.00    1.34    8.07   12.66    7.46   15.14
  995     265        3  1016.26    0.00    1.35   13.40   12.69    7.46   15.03
  996     266        3  1021.19    0.00    1.35   13.40   12.73    7.46   14.99
  997     267        3  1026.13    0.00    1.36   12.90   12.76    7.46   14.95
  998     268        3  1031.06    0.00    1.37   14.40   12.80    7.46   14.92
  999     269        3  1035.99    0.00    1.37   12.20   12.85    7.46   14.88
 1000     270        3  1040.93    0.00    1.38   14.30   12.88    7.46   14.83
 1001     271        3  1045.86    0.00    1.39   12.70   12.89    7.46   14.78
 1002     272        3  1050.79    0.00    1.39   12.20   12.93    7.46   14.70
 1003     273        3  1055.72    0.00    1.40   12.90   12.98    7.46   14.63
 1004     274        3  1060.66    0.00    1.41   13.20   13.03    7.46   14.58
 1005     275        3  1065.59    0.00    1.41   11.70   13.07    7.46   14.51
 1006     276        3  1070.52    0.00    1.42   13.10   13.10    7.46   14.46
 1007     277        3  1075.45    0.00    1.42   12.70   13.16    7.46   14.41
 1008     278        3  1080.39    0.00    1.43   13.70   13.22    7.46   14.36
 1009     279        3  1085.32    0.00    1.44   14.10   13.28    7.46   14.33
 1010     280        3  1090.25    0.00    1.44   12.90   13.34    7.46   14.30
 1011     281        3  1095.19    0.00    1.45   13.10   13.39    7.46   14.25
 1012     282        3  1100.12    0.00    1.46   12.10   13.43    7.46   14.21
 1013     283        3  1105.05    0.00    1.46   10.30   13.47    7.46   14.13
 1014     284        3  1109.98    0.00    1.47    8.55   13.50    7.46   14.02
 1015     285        3  1114.92    0.00    1.48    7.65   13.53    7.46   13.90
 1016     286        3  1119.85    0.00    1.48    7.19   13.56    7.46   13.76
 1017     287        3  1124.78    0.00    1.49    6.15   13.58    7.46   13.61
 1018     288        3  1129.71    0.00    1.50    6.31   13.59    7.46   13.46
 1019     289        3  1134.65    0.00    1.50    6.52   13.59    7.46   13.32
 1020     290        3  1139.58    0.00    1.51    5.62   13.59    7.46   13.17
 1021     291        3  1144.51    0.00    1.52    6.54   13.59    7.46   13.04
 1022     292        3  1149.45    0.00    1.52    2.31   13.57    7.46   12.87
 1023     293        3  1154.38    0.00    1.53    1.62   13.53    7.46   12.67
 1024     294        3  1159.31    0.00    1.54    0.80   13.53    7.46   12.46
 1025     295        3  1164.24    0.00    1.54    8.47   13.56    7.46   12.31
 1026     296        3  1169.18    0.00    1.55   10.60   13.60    7.46   12.24
 1027     297        3  1174.11    0.00    1.56    3.65   13.62    7.46   12.14
 1028     298        3  1179.04    0.00    1.56    0.89   13.61    7.46   11.95
 1029     299        3  1183.97    0.00    1.57    7.93   13.64    7.46   11.80
 1030     300        3  1188.91    0.00    1.58   10.50   13.68    7.46   11.74
 1031     301        3  1193.84    0.00    1.58    9.36   13.71    7.46   11.70
 1032     302        3  1198.77    0.00    1.59    7.71   13.74    7.46   11.63
 1033     303        3  1203.71    0.00    1.59    5.48   13.75    7.46   11.54
 1034     304        3  1208.64    0.00    1.60    1.63   13.72    7.46   11.39
 1035     305        3  1213.57    0.00    1.61    5.27   13.72    7.46   11.25
 1036     306        3  1218.50    0.00    1.61    9.44   13.74    7.46   11.17
 1037     307        3  1223.44    0.00    1.62   12.80   13.79    7.46   11.16
 1038     308        3  1228.37    0.00    1.63    9.79   13.83    7.46   11.15
 1039     309        3  1233.30    0.00    1.63    5.61   13.84    7.46   11.09
 1040     310        3  1238.23    0.00    1.64    7.16   13.85    7.46   11.01
 1041     311        3  1243.17    0.00    1.65    7.95   13.86    7.46   10.95
 1042     312        3  1248.10    0.00    1.65    7.95   13.83    7.46   10.89
 1043     313        3  1253.03    0.00    1.66    6.25   13.78    7.46   10.82
 1044     314        3  1257.97    0.00    1.67    5.05   13.72    7.46   10.73
 1045     315        3  1262.90    0.00    1.67    3.98   13.65    7.46   10.62
 1046     316        3  1267.83    0.00    1.68    6.07   13.61    7.46   10.52
 1047     317        3  1272.76    0.00    1.69    5.30   13.59    7.46   10.44
 1048     318        3  1277.70    0.00    1.69    6.58   13.56    7.46   10.36
 1049     319        3  1282.63    0.00    1.70    7.00   13.54    7.46   10.29
 1050     320        3  1287.56    0.00    1.71    7.63   13.52    7.46   10.24
 1051     321        3  1292.49    0.00    1.71    9.99   13.51    7.46   10.21
 1052     322        3  1297.43    0.00    1.72    8.66   13.49    7.46   10.19
 1053     323        3  1302.36    0.00    1.73   11.50   13.49    7.46   10.18
 1054     324        3  1307.29    0.00    1.73    5.96   13.47    7.46   10.15
 1055     325        3  1312.23    0.00    1.74   -0.44   13.42    7.46   10.03
 1056     326        3  1317.16    0.00    1.75    1.90   13.38    7.46    9.88
 1057     327        3  1322.09    0.00    1.75    5.53   13.35    7.46    9.78
 1058     328        3  1327.02    0.00    1.76    2.80   13.31    7.46    9.69
 1059     329        3  1331.96    0.00    1.76    2.16   13.29    7.46    9.58
 1060     330        3  1336.89    0.00    1.77    7.45   13.27    7.46    9.50
 1061     331        3  1341.82    0.00    1.78    5.18   13.23    7.46    9.45
 1062     332        3  1346.75    0.00    1.78   -1.01   13.15    7.46    9.33
 1063     333        3  1351.69    0.00    1.79    0.30   13.08    7.46    9.18
 1064     334        3  1356.62    0.00    1.80   -1.28   13.00    7.46    9.03
 1065     335        3  1361.55    0.00    1.80   -0.82   12.91    7.46    8.87
 1066     336        3  1366.49    0.00    1.81    1.63   12.84    7.46    8.75
 1067     337        3  1371.42    0.00    1.82    1.42   12.76    7.46    8.64
 1068     338        3  1376.35    0.00    1.82    2.42   12.67    7.46    8.53
 1069     339        3  1381.28    0.00    1.83    3.24   12.59    7.46    8.45
 1070     340        3  1386.22    0.00    1.84    5.76   12.51    7.46    8.39
 1071     341        3  1391.15    0.00    1.84    7.10   12.46    7.46    8.36
 1072     342        3  1396.08    0.00    1.85    4.73   12.39    7.46    8.32
 1073     343        3  1401.01    0.00    1.86    2.77   12.30    7.46    8.26
 1074     344        3  1405.95    0.00    1.86    1.98   12.20    7.46    8.17
 1075     345        3  1410.88    0.00    1.87    1.87   12.13    7.46    8.08
 1076     346        3  1415.81    0.00    1.88    1.66   12.06    7.46    7.99
 1077     347        3  1420.75    0.00    1.88    4.28   12.00    7.46    7.92
 1078     348        3  1425.68    0.00    1.89    2.65   11.94    7.46    7.85
 1079     349        3  1430.61    0.00    1.90    0.75   11.84    7.46    7.77
 1080     350        3  1435.54    0.00    1.90    5.41   11.78    7.46    7.70
 1081     351        3  1440.48    0.00    1.91    4.84   11.73    7.46    7.67
 1082     352        3  1445.41    0.00    1.92    3.28   11.66    7.46    7.62
 1083     353        3  1450.34    0.00    1.92    4.60   11.57    7.46    7.57
 1084     354        3  1455.27    0.00    1.93    6.02   11.49    7.46    7.54
 1085     355        3  1460.21    0.00    1.93    5.60   11.41    7.46    7.52
 1086     356        3  1465.14    0.00    1.94    6.16   11.35    7.46    7.50
 1087     357        3  1470.07    0.00    1.95    4.42   11.27    7.46    7.47
 1088     358        3  1475.01    0.00    1.95    2.92   11.16    7.46    7.43
 1089     359        3  1479.94    0.00    1.96   -1.91   11.02    7.46    7.33
 1090     360        3  1484.87    0.00    1.97   -0.83   10.89    7.46    7.22
 1091     361        3  1489.80    0.00    1.97   -3.49   10.75    7.46    7.09
 1092     362        3  1494.74    0.00    1.98    3.25   10.64    7.46    7.00
 1093     363        3  1499.67    0.00    1.99    3.42   10.55    7.46    6.95
 1094     364        3  1504.60    0.00    1.99    3.88   10.48    7.46    6.91
 1095     365        3  1509.53    0.00    2.00    1.42   10.41    7.46    6.86
